epoch,epoch_steps,tot_steps,tot_run_time,epsilon
0,9,10,0 days 00:00:18.680897,1
1,8,19,0 days 00:00:24.898620,1
2,4,24,0 days 00:00:30.397596,1
3,6,31,0 days 00:00:35.965489,1
4,3,35,0 days 00:00:41.432129,1
5,3,39,0 days 00:00:46.899264,1
6,2,42,0 days 00:00:52.332960,1
7,2,45,0 days 00:00:57.765828,1
8,2,48,0 days 00:01:03.199437,1
9,6,55,0 days 00:01:08.766920,1
10,4,60,0 days 00:01:14.266960,1
11,4,65,0 days 00:01:19.767142,1
12,7,73,0 days 00:01:25.367474,1
13,5,79,0 days 00:01:30.901038,1
14,29,109,0 days 00:01:41.202132,1
15,3,113,0 days 00:01:46.668283,1
16,2,116,0 days 00:01:52.101103,1
17,6,123,0 days 00:01:57.668635,1
18,3,127,0 days 00:02:03.135303,1
19,8,136,0 days 00:02:08.768825,1
20,3,140,0 days 00:02:14.344891,1
21,4,145,0 days 00:02:19.852438,1
22,24,170,0 days 00:02:29.986503,1
23,4,175,0 days 00:02:35.486595,1
24,6,182,0 days 00:02:41.053532,1
25,5,188,0 days 00:02:46.587636,1
26,4,193,0 days 00:02:52.087554,1
27,3,197,0 days 00:02:57.554514,1
28,4,202,0 days 00:03:03.054731,1
29,5,208,0 days 00:03:08.588276,1
30,4,213,0 days 00:03:14.088599,1
31,16,230,0 days 00:03:22.255862,1
32,2,233,0 days 00:03:27.689037,1
33,16,250,0 days 00:03:34.155912,1
34,3,254,0 days 00:03:39.622850,1
35,3,258,0 days 00:03:45.089244,1
36,6,265,0 days 00:03:50.656454,1
37,2,268,0 days 00:03:56.090189,1
38,7,276,0 days 00:04:01.690393,1
39,4,281,0 days 00:04:07.190647,1
40,3,285,0 days 00:04:12.722505,1
41,2,288,0 days 00:04:18.157636,1
42,6,295,0 days 00:04:23.724383,1
43,5,301,0 days 00:04:29.257779,1
44,21,323,0 days 00:04:35.892356,1
45,4,328,0 days 00:04:41.391531,1
46,6,335,0 days 00:04:46.958473,1
47,3,339,0 days 00:04:52.424877,1
48,4,344,0 days 00:04:57.925591,1
49,6,351,0 days 00:05:03.492850,1
50,4,356,0 days 00:05:08.992349,1
51,6,363,0 days 00:05:14.559945,1
52,4,368,0 days 00:05:20.060164,1
53,4,373,0 days 00:05:25.559594,1
54,4,378,0 days 00:05:31.060742,1
55,2,381,0 days 00:05:36.494274,1
56,3,385,0 days 00:05:41.960752,1
57,5,391,0 days 00:05:47.494593,1
58,3,395,0 days 00:05:52.960998,1
59,3,399,0 days 00:05:58.427574,1
60,4,404,0 days 00:06:04.024748,1
61,3,408,0 days 00:06:09.495426,1
62,15,424,0 days 00:06:17.064140,1
63,4,429,0 days 00:06:22.562754,1
64,3,433,0 days 00:06:28.029397,1
65,18,452,0 days 00:06:35.129391,1
66,31,484,0 days 00:06:47.763625,1
67,5,490,0 days 00:06:53.296742,1
68,2,493,0 days 00:06:58.731263,1
69,2,496,0 days 00:07:04.163288,1
70,5,502,0 days 00:07:09.697458,1
71,3,506,0 days 00:07:15.164700,1
72,3,510,0 days 00:07:20.631646,1
73,4,515,0 days 00:07:26.131828,1
74,12,528,0 days 00:07:32.465465,1
75,5,534,0 days 00:07:37.998658,1
76,4,539,0 days 00:07:43.499027,1
77,6,546,0 days 00:07:49.066191,1
78,2,549,0 days 00:07:54.499351,1
79,2,552,0 days 00:07:59.933161,1
80,6,559,0 days 00:08:05.627289,1
81,18,578,0 days 00:08:15.000891,1
82,2,581,0 days 00:08:20.433962,1
83,3,585,0 days 00:08:25.901002,1
84,6,592,0 days 00:08:31.467872,1
85,3,596,0 days 00:08:36.934561,1
86,6,603,0 days 00:08:42.501275,1
87,4,608,0 days 00:08:48.001799,1
88,2,611,0 days 00:08:53.434621,1
89,14,626,0 days 00:09:01.535506,1
90,4,631,0 days 00:09:07.035163,1
91,4,636,0 days 00:09:12.536367,1
92,5,642,0 days 00:09:18.069643,1
93,5,648,0 days 00:09:23.602664,1
94,6,655,0 days 00:09:29.169502,1
95,19,675,0 days 00:09:36.871848,1
96,4,680,0 days 00:09:42.370535,1
97,4,685,0 days 00:09:47.870747,1
98,3,689,0 days 00:09:53.337517,1
99,4,694,0 days 00:09:58.837509,1
100,5,700,0 days 00:10:04.533183,1
101,4,705,0 days 00:10:10.038281,1
102,7,713,0 days 00:10:15.637700,1
103,6,720,0 days 00:10:21.204618,1
104,3,724,0 days 00:10:26.671935,1
105,5,730,0 days 00:10:32.205185,1
106,2,733,0 days 00:10:37.640364,1
107,4,738,0 days 00:10:43.139643,1
108,4,743,0 days 00:10:48.638803,1
109,3,747,0 days 00:10:54.106458,1
110,13,761,0 days 00:11:01.039983,1
111,5,767,0 days 00:11:06.573843,1
112,5,773,0 days 00:11:12.107353,1
113,6,780,0 days 00:11:17.673673,1
114,24,805,0 days 00:11:28.375298,1
115,11,817,0 days 00:11:34.675588,1
116,11,829,0 days 00:11:42.108347,1
117,4,834,0 days 00:11:47.608479,1
118,7,842,0 days 00:11:53.208461,1
119,5,848,0 days 00:11:58.742538,1
120,6,855,0 days 00:12:04.509506,1
121,6,862,0 days 00:12:10.076319,1
122,6,869,0 days 00:12:15.643301,1
123,4,874,0 days 00:12:21.143776,1
124,11,886,0 days 00:12:28.010044,1
125,5,892,0 days 00:12:33.544231,1
126,5,898,0 days 00:12:39.077460,1
127,5,904,0 days 00:12:44.611010,1
128,7,912,0 days 00:12:50.777847,1
129,7,920,0 days 00:12:56.377939,1
130,6,927,0 days 00:13:01.945016,1
131,14,942,0 days 00:13:08.911506,1
132,6,949,0 days 00:13:14.478837,1
133,7,957,0 days 00:13:20.079206,1
134,3,961,0 days 00:13:25.546157,1
135,3,965,0 days 00:13:31.012509,1
136,5,971,0 days 00:13:36.545804,1
137,3,975,0 days 00:13:42.013240,1
138,19,995,0 days 00:13:50.848936,1
139,6,1002,0 days 00:13:56.413361,1
140,5,1008,0 days 00:14:02.179140,1
141,3,1012,0 days 00:14:07.646934,1
142,4,1017,0 days 00:14:13.147517,1
143,5,1023,0 days 00:14:18.681336,1
144,2,1026,0 days 00:14:24.114855,1
145,4,1031,0 days 00:14:29.615212,1
146,4,1036,0 days 00:14:35.114287,1
147,5,1042,0 days 00:14:40.648913,1
148,7,1050,0 days 00:14:46.249051,1
149,5,1056,0 days 00:14:51.782201,1
150,12,1069,0 days 00:14:58.683227,1
151,4,1074,0 days 00:15:04.182876,1
152,7,1082,0 days 00:15:09.783263,1
153,5,1088,0 days 00:15:15.316036,1
154,6,1095,0 days 00:15:20.883706,1
155,11,1107,0 days 00:15:27.184444,1
156,4,1112,0 days 00:15:32.683155,1
157,9,1122,0 days 00:15:40.050924,1
158,3,1126,0 days 00:15:45.516991,1
159,4,1131,0 days 00:15:51.018297,1
160,4,1136,0 days 00:15:56.784305,1
161,3,1140,0 days 00:16:02.251979,1
162,4,1145,0 days 00:16:07.751596,1
163,3,1149,0 days 00:16:13.218515,1
164,2,1152,0 days 00:16:18.652817,1
165,17,1170,0 days 00:16:26.286222,1
166,17,1188,0 days 00:16:34.486733,1
167,16,1205,0 days 00:16:42.086500,1
168,5,1211,0 days 00:16:47.620147,1
169,5,1217,0 days 00:16:53.154144,1
170,3,1221,0 days 00:16:58.620006,1
171,3,1225,0 days 00:17:04.087247,1
172,3,1229,0 days 00:17:09.553618,1
173,5,1235,0 days 00:17:15.088097,1
174,4,1240,0 days 00:17:20.588487,1
175,7,1248,0 days 00:17:26.188246,1
176,5,1254,0 days 00:17:31.722423,1
177,4,1259,0 days 00:17:37.221965,1
178,15,1275,0 days 00:17:45.922833,1
179,11,1287,0 days 00:17:52.223397,1
180,4,1292,0 days 00:17:58.026667,1
181,2,1295,0 days 00:18:03.456451,1
182,3,1299,0 days 00:18:08.922686,1
183,2,1302,0 days 00:18:14.356599,1
184,2,1305,0 days 00:18:19.790910,1
185,6,1312,0 days 00:18:25.356621,1
186,2,1315,0 days 00:18:30.791188,1
187,13,1329,0 days 00:18:37.157921,1
188,4,1334,0 days 00:18:42.658127,1
189,6,1341,0 days 00:18:48.225395,1
190,4,1346,0 days 00:18:53.724977,1
191,4,1351,0 days 00:18:59.225941,1
192,3,1355,0 days 00:19:04.691531,1
193,4,1360,0 days 00:19:10.192075,1
194,4,1365,0 days 00:19:15.692203,1
195,4,1370,0 days 00:19:21.192971,1
196,6,1377,0 days 00:19:26.759939,1
197,3,1381,0 days 00:19:32.226557,1
198,3,1385,0 days 00:19:37.693071,1
199,2,1388,0 days 00:19:43.126472,1
200,6,1395,0 days 00:19:49.025102,1
201,2,1398,0 days 00:19:54.460138,1
202,4,1403,0 days 00:19:59.960777,1
203,4,1408,0 days 00:20:05.460903,1
204,28,1437,0 days 00:20:13.461932,1
205,2,1440,0 days 00:20:18.895208,1
206,13,1454,0 days 00:20:25.261604,1
207,2,1457,0 days 00:20:30.695128,1
208,4,1462,0 days 00:20:36.195870,1
209,3,1466,0 days 00:20:41.662748,1
210,2,1469,0 days 00:20:47.095876,1
211,7,1477,0 days 00:20:52.696137,1
212,16,1494,0 days 00:20:59.163886,1
213,4,1499,0 days 00:21:04.664002,1
214,7,1507,0 days 00:21:10.830792,1
215,6,1514,0 days 00:21:16.397111,1
216,7,1522,0 days 00:21:22.565345,1
217,4,1527,0 days 00:21:28.064350,1
218,4,1532,0 days 00:21:33.564911,1
219,9,1542,0 days 00:21:40.365023,1
220,3,1546,0 days 00:21:46.194247,1
221,5,1552,0 days 00:21:51.732337,1
222,2,1555,0 days 00:21:57.164924,1
223,4,1560,0 days 00:22:02.665913,1
224,5,1566,0 days 00:22:08.199263,1
225,3,1570,0 days 00:22:13.666319,1
226,13,1584,0 days 00:22:21.166148,1
227,11,1596,0 days 00:22:27.467466,1
228,4,1601,0 days 00:22:32.967055,1
229,14,1616,0 days 00:22:41.067225,1
230,3,1620,0 days 00:22:46.534258,1
231,2,1623,0 days 00:22:51.967225,1
232,5,1629,0 days 00:22:57.501611,1
233,5,1635,0 days 00:23:03.034613,1
234,7,1643,0 days 00:23:08.634664,1
235,3,1647,0 days 00:23:14.101977,1
236,5,1653,0 days 00:23:19.634921,1
237,19,1673,0 days 00:23:29.604748,1
238,5,1679,0 days 00:23:35.135746,1
239,2,1682,0 days 00:23:40.570045,1
240,10,1693,0 days 00:23:47.234121,1
241,2,1696,0 days 00:23:52.670488,1
242,6,1703,0 days 00:23:58.236886,1
243,3,1707,0 days 00:24:03.703999,1
244,8,1716,0 days 00:24:09.337807,1
245,16,1733,0 days 00:24:17.504377,1
246,2,1736,0 days 00:24:22.937295,1
247,19,1756,0 days 00:24:30.071788,1
248,3,1760,0 days 00:24:35.538329,1
249,5,1766,0 days 00:24:41.071988,1
250,5,1772,0 days 00:24:46.605675,1
251,2,1775,0 days 00:24:52.039671,1
252,14,1790,0 days 00:24:58.439034,1
253,17,1808,0 days 00:25:06.073979,1
254,7,1816,0 days 00:25:11.673575,1
255,3,1820,0 days 00:25:17.139036,1
256,4,1825,0 days 00:25:22.640249,1
257,5,1831,0 days 00:25:28.173463,1
258,4,1836,0 days 00:25:33.673957,1
259,6,1843,0 days 00:25:39.240883,1
260,3,1847,0 days 00:25:45.141939,1
261,6,1854,0 days 00:25:50.707943,1
262,5,1860,0 days 00:25:56.241424,1
263,3,1864,0 days 00:26:01.707397,1
264,6,1871,0 days 00:26:07.274651,1
265,6,1878,0 days 00:26:12.841949,1
266,5,1884,0 days 00:26:18.375564,1
267,17,1902,0 days 00:26:27.709479,1
268,4,1907,0 days 00:26:33.209825,1
269,14,1922,0 days 00:26:41.309611,1
270,8,1931,0 days 00:26:46.943831,1
271,3,1935,0 days 00:26:52.409496,1
272,7,1943,0 days 00:26:58.010046,1
273,4,1948,0 days 00:27:03.510120,1
274,5,1954,0 days 00:27:09.043669,1
275,6,1961,0 days 00:27:14.611144,1
276,20,1982,0 days 00:27:23.478491,1
277,2,1985,0 days 00:27:28.911225,1
278,4,1990,0 days 00:27:34.411823,1
279,4,1995,0 days 00:27:39.912181,1
280,4,2000,0 days 00:27:45.887158,1
281,2,2003,0 days 00:27:51.328626,1
282,7,2011,0 days 00:27:56.928997,1
283,4,2016,0 days 00:28:02.429335,1
284,2,2019,0 days 00:28:07.862410,1
285,15,2035,0 days 00:28:15.430494,1
286,5,2041,0 days 00:28:20.964155,1
287,4,2046,0 days 00:28:26.464018,1
288,5,2052,0 days 00:28:31.997767,1
289,4,2057,0 days 00:28:37.497877,1
290,16,2074,0 days 00:28:45.099167,1
291,4,2079,0 days 00:28:50.598634,1
292,3,2083,0 days 00:28:56.064978,1
293,4,2088,0 days 00:29:01.565118,1
294,5,2094,0 days 00:29:07.098817,1
295,8,2103,0 days 00:29:13.298644,1
296,4,2108,0 days 00:29:18.798678,1
297,5,2114,0 days 00:29:24.332435,1
298,3,2118,0 days 00:29:29.799345,1
299,3,2122,0 days 00:29:35.265700,1
300,5,2128,0 days 00:29:41.303288,1
301,12,2141,0 days 00:29:47.633162,1
302,5,2147,0 days 00:29:53.166908,1
303,6,2154,0 days 00:29:58.734754,1
304,5,2160,0 days 00:30:04.267474,1
305,3,2164,0 days 00:30:09.733749,1
306,2,2167,0 days 00:30:15.168547,1
307,2,2170,0 days 00:30:20.602089,1
308,4,2175,0 days 00:30:26.101288,1
309,4,2180,0 days 00:30:31.602146,1
310,33,2214,0 days 00:30:43.169920,1
311,6,2221,0 days 00:30:48.735692,1
312,2,2224,0 days 00:30:54.169914,1
313,7,2232,0 days 00:30:59.769607,1
314,4,2237,0 days 00:31:05.269665,1
315,7,2245,0 days 00:31:10.870167,1
316,28,2274,0 days 00:31:22.270691,1
317,2,2277,0 days 00:31:27.703550,1
318,7,2285,0 days 00:31:33.304532,1
319,5,2291,0 days 00:31:38.838089,1
320,4,2296,0 days 00:31:44.878826,1
321,2,2299,0 days 00:31:50.321487,1
322,3,2303,0 days 00:31:55.788370,1
323,7,2311,0 days 00:32:01.388803,1
324,9,2321,0 days 00:32:07.623274,1
325,5,2327,0 days 00:32:13.156077,1
326,6,2334,0 days 00:32:18.722359,1
327,3,2338,0 days 00:32:24.189905,1
328,6,2345,0 days 00:32:29.756912,1
329,4,2350,0 days 00:32:35.256386,1
330,5,2356,0 days 00:32:40.790467,1
331,2,2359,0 days 00:32:46.223678,1
332,15,2375,0 days 00:32:54.357939,1
333,16,2392,0 days 00:33:02.525098,1
334,5,2398,0 days 00:33:08.058205,1
335,2,2401,0 days 00:33:13.491975,1
336,5,2407,0 days 00:33:19.025211,1
337,4,2412,0 days 00:33:24.525070,1
338,14,2427,0 days 00:33:32.625809,1
339,2,2430,0 days 00:33:38.059685,1
340,15,2446,0 days 00:33:46.196234,1
341,3,2450,0 days 00:33:51.659654,1
342,6,2457,0 days 00:33:57.226580,1
343,2,2460,0 days 00:34:02.659975,1
344,2,2463,0 days 00:34:08.093888,1
345,3,2467,0 days 00:34:13.560457,1
346,7,2475,0 days 00:34:19.160663,1
347,2,2478,0 days 00:34:24.595465,1
348,6,2485,0 days 00:34:30.161562,1
349,7,2493,0 days 00:34:35.761582,1
350,12,2506,0 days 00:34:42.661521,1
351,2,2509,0 days 00:34:48.095390,1
352,2,2512,0 days 00:34:53.530130,1
353,3,2516,0 days 00:34:58.995474,1
354,7,2524,0 days 00:35:04.595744,1
355,4,2529,0 days 00:35:10.096045,1
356,4,2534,0 days 00:35:15.595776,1
357,6,2541,0 days 00:35:21.163024,1
358,3,2545,0 days 00:35:26.629226,1
359,3,2549,0 days 00:35:32.096083,1
360,7,2557,0 days 00:35:38.288404,1
361,11,2569,0 days 00:35:45.164354,1
362,5,2575,0 days 00:35:50.697631,1
363,3,2579,0 days 00:35:56.164432,1
364,4,2584,0 days 00:36:01.664751,1
365,5,2590,0 days 00:36:07.197710,1
366,6,2597,0 days 00:36:12.765275,1
367,23,2621,0 days 00:36:22.299029,1
368,3,2625,0 days 00:36:27.765855,1
369,3,2629,0 days 00:36:33.232828,1
370,15,2645,0 days 00:36:40.799794,1
371,3,2649,0 days 00:36:46.266555,1
372,5,2655,0 days 00:36:51.800197,1
373,5,2661,0 days 00:36:57.333864,1
374,3,2665,0 days 00:37:02.800449,1
375,6,2672,0 days 00:37:08.367011,1
376,2,2675,0 days 00:37:13.800715,1
377,7,2683,0 days 00:37:19.400754,1
378,8,2692,0 days 00:37:25.034700,1
379,3,2696,0 days 00:37:30.500726,1
380,12,2709,0 days 00:37:37.464941,1
381,6,2716,0 days 00:37:43.034731,1
382,7,2724,0 days 00:37:48.634989,1
383,12,2737,0 days 00:37:55.536108,1
384,13,2751,0 days 00:38:01.903666,1
385,30,2782,0 days 00:38:16.203348,1
386,6,2789,0 days 00:38:21.770144,1
387,4,2794,0 days 00:38:27.269706,1
388,3,2798,0 days 00:38:32.737221,1
389,4,2803,0 days 00:38:38.237111,1
390,7,2811,0 days 00:38:43.837675,1
391,2,2814,0 days 00:38:49.271174,1
392,15,2830,0 days 00:38:57.404557,1
393,19,2850,0 days 00:39:05.106110,1
394,2,2853,0 days 00:39:10.538644,1
395,5,2859,0 days 00:39:16.072025,1
396,4,2864,0 days 00:39:21.572113,1
397,4,2869,0 days 00:39:27.071723,1
398,2,2872,0 days 00:39:32.507129,1
399,4,2877,0 days 00:39:38.005911,1
400,2,2880,0 days 00:39:44.078665,1
401,5,2886,0 days 00:39:49.606817,1
402,4,2891,0 days 00:39:55.107024,1
403,3,2895,0 days 00:40:00.573195,1
404,3,2899,0 days 00:40:06.039925,1
405,3,2903,0 days 00:40:11.506897,1
406,3,2907,0 days 00:40:16.973954,1
407,2,2910,0 days 00:40:22.407984,1
408,4,2915,0 days 00:40:27.908324,1
409,5,2921,0 days 00:40:33.441266,1
410,3,2925,0 days 00:40:38.908045,1
411,5,2931,0 days 00:40:44.442353,1
412,3,2935,0 days 00:40:49.908334,1
413,2,2938,0 days 00:40:55.342536,1
414,3,2942,0 days 00:41:00.808810,1
415,3,2946,0 days 00:41:06.275331,1
416,2,2949,0 days 00:41:11.709797,1
417,3,2953,0 days 00:41:17.176036,1
418,6,2960,0 days 00:41:22.743896,1
419,2,2963,0 days 00:41:28.177080,1
420,4,2968,0 days 00:41:34.360369,1
421,15,2984,0 days 00:41:41.361127,1
422,10,2995,0 days 00:41:48.194446,1
423,4,3000,0 days 00:41:53.694652,1
424,4,3005,0 days 00:41:59.194254,1
425,2,3008,0 days 00:42:04.628411,1
426,6,3015,0 days 00:42:10.194966,1
427,7,3023,0 days 00:42:15.794760,1
428,5,3029,0 days 00:42:21.328507,1
429,3,3033,0 days 00:42:26.796059,1
430,3,3037,0 days 00:42:32.262913,1
431,4,3042,0 days 00:42:37.762078,1
432,4,3047,0 days 00:42:43.262523,1
433,6,3054,0 days 00:42:48.829703,1
434,7,3062,0 days 00:42:54.430248,1
435,4,3067,0 days 00:42:59.929926,1
436,4,3072,0 days 00:43:05.430559,1
437,4,3077,0 days 00:43:10.930832,1
438,18,3096,0 days 00:43:18.598005,1
439,5,3102,0 days 00:43:24.131444,1
440,2,3105,0 days 00:43:30.299003,1
441,4,3110,0 days 00:43:35.797871,1
442,3,3114,0 days 00:43:41.264510,1
443,4,3119,0 days 00:43:46.765605,1
444,2,3122,0 days 00:43:52.198373,1
445,2,3125,0 days 00:43:57.632503,1
446,6,3132,0 days 00:44:03.198837,1
447,3,3136,0 days 00:44:08.666226,1
448,3,3140,0 days 00:44:14.132897,1
449,8,3149,0 days 00:44:19.766413,1
450,4,3154,0 days 00:44:25.266616,1
451,4,3159,0 days 00:44:30.767049,1
452,11,3171,0 days 00:44:37.066744,1
453,6,3178,0 days 00:44:42.634000,1
454,7,3186,0 days 00:44:48.233758,1
455,15,3202,0 days 00:44:55.801017,1
456,5,3208,0 days 00:45:01.334826,1
457,5,3214,0 days 00:45:06.868642,1
458,4,3219,0 days 00:45:12.368159,1
459,3,3223,0 days 00:45:17.835522,1
460,5,3229,0 days 00:45:24.089008,1
461,3,3233,0 days 00:45:29.552314,1
462,7,3241,0 days 00:45:35.152300,1
463,5,3247,0 days 00:45:40.686781,1
464,11,3259,0 days 00:45:46.986944,1
465,5,3265,0 days 00:45:52.519532,1
466,6,3272,0 days 00:45:58.086930,1
467,4,3277,0 days 00:46:03.586604,1
468,3,3281,0 days 00:46:09.053886,1
469,7,3289,0 days 00:46:14.654224,1
470,2,3292,0 days 00:46:20.086986,1
471,4,3297,0 days 00:46:25.588026,1
472,2,3300,0 days 00:46:31.021601,1
473,18,3319,0 days 00:46:38.121870,1
474,2,3322,0 days 00:46:43.555409,1
475,4,3327,0 days 00:46:49.055256,1
476,7,3335,0 days 00:46:54.655924,1
477,3,3339,0 days 00:47:00.121694,1
478,3,3343,0 days 00:47:05.589179,1
479,5,3349,0 days 00:47:11.122851,1
480,6,3356,0 days 00:47:17.438271,1
481,4,3361,0 days 00:47:22.939575,1
482,3,3365,0 days 00:47:28.406957,1
483,16,3382,0 days 00:47:37.707257,1
484,6,3389,0 days 00:47:43.273769,1
485,7,3397,0 days 00:47:48.874251,1
486,2,3400,0 days 00:47:54.307348,1
487,3,3404,0 days 00:47:59.774607,1
488,4,3409,0 days 00:48:05.275190,1
489,5,3415,0 days 00:48:10.808624,1
490,4,3420,0 days 00:48:16.308592,1
491,4,3425,0 days 00:48:21.809536,1
492,6,3432,0 days 00:48:27.376123,1
493,6,3439,0 days 00:48:32.942149,1
494,14,3454,0 days 00:48:39.343499,1
495,3,3458,0 days 00:48:44.809547,1
496,17,3476,0 days 00:48:53.578241,1
497,5,3482,0 days 00:48:59.111021,1
498,3,3486,0 days 00:49:04.577749,1
499,3,3490,0 days 00:49:10.044044,1
500,2,3493,0 days 00:49:16.301215,1
501,6,3500,0 days 00:49:21.861123,1
502,18,3519,0 days 00:49:28.961953,1
503,2,3522,0 days 00:49:34.394715,1
504,3,3526,0 days 00:49:39.862032,1
505,4,3531,0 days 00:49:45.362387,1
506,3,3535,0 days 00:49:50.828435,1
507,10,3546,0 days 00:49:57.097352,1
508,5,3552,0 days 00:50:02.629961,1
509,9,3562,0 days 00:50:08.297139,1
510,3,3566,0 days 00:50:13.762835,1
511,5,3572,0 days 00:50:19.296370,1
512,5,3578,0 days 00:50:24.830861,1
513,2,3581,0 days 00:50:30.263769,1
514,3,3585,0 days 00:50:35.730573,1
515,4,3590,0 days 00:50:41.231741,1
516,3,3594,0 days 00:50:46.697071,1
517,16,3611,0 days 00:50:53.731635,1
518,5,3617,0 days 00:50:59.265232,1
519,3,3621,0 days 00:51:04.732001,1
520,3,3625,0 days 00:51:11.015696,1
521,8,3634,0 days 00:51:17.215922,1
522,4,3639,0 days 00:51:22.716137,1
523,2,3642,0 days 00:51:28.149692,1
524,4,3647,0 days 00:51:33.650377,1
525,4,3652,0 days 00:51:39.149428,1
526,7,3660,0 days 00:51:44.750314,1
527,2,3663,0 days 00:51:50.184912,1
528,3,3667,0 days 00:51:55.649884,1
529,3,3671,0 days 00:52:01.116955,1
530,5,3677,0 days 00:52:06.650531,1
531,4,3682,0 days 00:52:12.150701,1
532,20,3703,0 days 00:52:21.018643,1
533,4,3708,0 days 00:52:26.517999,1
534,2,3711,0 days 00:52:31.951606,1
535,3,3715,0 days 00:52:37.418275,1
536,16,3732,0 days 00:52:45.585981,1
537,12,3745,0 days 00:52:53.053693,1
538,8,3754,0 days 00:52:58.686481,1
539,3,3758,0 days 00:53:04.153001,1
540,3,3762,0 days 00:53:10.463588,1
541,7,3770,0 days 00:53:16.070429,1
542,6,3777,0 days 00:53:21.636750,1
543,3,3781,0 days 00:53:27.103330,1
544,4,3786,0 days 00:53:32.604341,1
545,5,3792,0 days 00:53:38.138245,1
546,5,3798,0 days 00:53:43.670885,1
547,3,3802,0 days 00:53:49.138626,1
548,6,3809,0 days 00:53:54.704937,1
549,13,3823,0 days 00:54:01.638885,1
550,4,3828,0 days 00:54:07.138514,1
551,2,3831,0 days 00:54:12.572530,1
552,13,3845,0 days 00:54:18.939145,1
553,7,3853,0 days 00:54:24.539678,1
554,4,3858,0 days 00:54:30.040318,1
555,3,3862,0 days 00:54:35.506459,1
556,7,3870,0 days 00:54:41.106490,1
557,4,3875,0 days 00:54:46.607443,1
558,4,3880,0 days 00:54:52.107478,1
559,5,3886,0 days 00:54:57.641184,1
560,5,3892,0 days 00:55:04.049848,1
561,6,3899,0 days 00:55:09.624192,1
562,9,3909,0 days 00:55:15.858643,1
563,4,3914,0 days 00:55:21.358163,1
564,15,3930,0 days 00:55:27.791809,1
565,2,3933,0 days 00:55:33.225845,1
566,4,3938,0 days 00:55:38.725433,1
567,7,3946,0 days 00:55:44.326148,1
568,2,3949,0 days 00:55:49.759353,1
569,5,3955,0 days 00:55:55.292957,1
570,6,3962,0 days 00:56:00.860147,1
571,5,3968,0 days 00:56:06.393464,1
572,4,3973,0 days 00:56:11.893829,1
573,6,3980,0 days 00:56:17.460775,1
574,20,4001,0 days 00:56:26.896499,1
575,7,4009,0 days 00:56:32.494699,1
576,7,4017,0 days 00:56:38.094933,1
577,2,4020,0 days 00:56:43.529341,1
578,4,4025,0 days 00:56:49.028692,1
579,4,4030,0 days 00:56:54.529321,1
580,6,4037,0 days 00:57:01.013410,1
581,5,4043,0 days 00:57:06.545421,1
582,7,4051,0 days 00:57:12.146249,1
583,4,4056,0 days 00:57:17.646654,1
584,16,4073,0 days 00:57:25.246175,1
585,7,4081,0 days 00:57:30.846805,1
586,7,4089,0 days 00:57:36.447071,1
587,7,4097,0 days 00:57:42.046593,1
588,7,4105,0 days 00:57:47.647023,1
589,3,4109,0 days 00:57:53.114153,1
590,7,4117,0 days 00:57:58.714141,1
591,2,4120,0 days 00:58:04.147584,1
592,7,4128,0 days 00:58:09.748085,1
593,5,4134,0 days 00:58:15.282030,1
594,2,4137,0 days 00:58:20.714582,1
595,6,4144,0 days 00:58:26.282040,1
596,2,4147,0 days 00:58:31.717004,1
597,4,4152,0 days 00:58:37.216361,1
598,19,4172,0 days 00:58:45.483279,1
599,3,4176,0 days 00:58:50.949304,1
600,8,4185,0 days 00:58:57.538313,1
601,5,4191,0 days 00:59:03.066698,1
602,2,4194,0 days 00:59:08.500527,1
603,4,4199,0 days 00:59:14.001169,1
604,16,4216,0 days 00:59:20.468113,1
605,3,4220,0 days 00:59:25.934776,1
606,2,4223,0 days 00:59:31.368184,1
607,6,4230,0 days 00:59:36.934555,1
608,11,4242,0 days 00:59:44.368834,1
609,5,4248,0 days 00:59:49.902382,1
610,7,4256,0 days 00:59:55.501802,1
611,2,4259,0 days 01:00:00.936832,1
612,3,4263,0 days 01:00:06.402369,1
613,2,4266,0 days 01:00:11.837255,1
614,5,4272,0 days 01:00:17.369849,1
615,9,4282,0 days 01:00:23.603539,1
616,3,4286,0 days 01:00:29.070569,1
617,6,4293,0 days 01:00:34.637452,1
618,33,4327,0 days 01:00:50.171899,1
619,14,4342,0 days 01:00:57.138723,1
620,3,4346,0 days 01:01:03.612335,1
621,2,4349,0 days 01:01:09.039119,1
622,3,4353,0 days 01:01:14.505343,1
623,6,4360,0 days 01:01:20.072479,1
624,3,4364,0 days 01:01:25.539052,1
625,5,4370,0 days 01:01:31.072372,1
626,3,4374,0 days 01:01:36.539853,1
627,3,4378,0 days 01:01:42.006574,1
628,4,4383,0 days 01:01:47.506599,1
629,7,4391,0 days 01:01:53.106803,1
630,3,4395,0 days 01:01:58.574170,1
631,4,4400,0 days 01:02:04.073452,1
632,4,4405,0 days 01:02:09.574450,1
633,10,4416,0 days 01:02:16.407517,1
634,22,4439,0 days 01:02:25.908608,1
635,6,4446,0 days 01:02:31.475313,1
636,3,4450,0 days 01:02:36.941423,1
637,7,4458,0 days 01:02:42.542423,1
638,11,4470,0 days 01:02:49.408888,1
639,5,4476,0 days 01:02:54.942350,1
640,5,4482,0 days 01:03:01.527793,1
641,4,4487,0 days 01:03:07.026678,1
642,4,4492,0 days 01:03:12.526413,1
643,5,4498,0 days 01:03:18.059704,1
644,6,4505,0 days 01:03:23.627590,1
645,5,4511,0 days 01:03:29.160265,1
646,2,4514,0 days 01:03:34.593620,1
647,15,4530,0 days 01:03:42.727849,1
648,2,4533,0 days 01:03:48.160932,1
649,5,4539,0 days 01:03:53.694258,1
650,3,4543,0 days 01:03:59.162035,1
651,5,4549,0 days 01:04:04.695572,1
652,3,4553,0 days 01:04:10.162364,1
653,6,4560,0 days 01:04:15.729228,1
654,4,4565,0 days 01:04:21.229533,1
655,13,4579,0 days 01:04:28.730433,1
656,5,4585,0 days 01:04:34.262536,1
657,6,4592,0 days 01:04:39.830149,1
658,3,4596,0 days 01:04:45.296709,1
659,6,4603,0 days 01:04:50.863657,1
660,5,4609,0 days 01:04:57.438584,1
661,6,4616,0 days 01:05:03.013935,1
662,5,4622,0 days 01:05:08.547667,1
663,12,4635,0 days 01:05:15.448410,1
664,4,4640,0 days 01:05:20.948318,1
665,9,4650,0 days 01:05:27.182398,1
666,13,4664,0 days 01:05:33.549216,1
667,26,4691,0 days 01:05:46.016164,1
668,4,4696,0 days 01:05:51.516252,1
669,3,4700,0 days 01:05:56.982660,1
670,13,4714,0 days 01:06:03.352414,1
671,2,4717,0 days 01:06:08.782955,1
672,4,4722,0 days 01:06:14.283815,1
673,20,4743,0 days 01:06:23.150912,1
674,6,4750,0 days 01:06:28.717199,1
675,3,4754,0 days 01:06:34.184679,1
676,5,4760,0 days 01:06:39.718194,1
677,6,4767,0 days 01:06:45.285085,1
678,11,4779,0 days 01:06:51.586438,1
679,2,4782,0 days 01:06:57.018878,1
680,3,4786,0 days 01:07:03.566954,1
681,4,4791,0 days 01:07:09.068743,1
682,13,4805,0 days 01:07:16.568934,1
683,2,4808,0 days 01:07:22.002241,1
684,3,4812,0 days 01:07:27.469676,1
685,6,4819,0 days 01:07:33.036967,1
686,5,4825,0 days 01:07:38.570334,1
687,5,4831,0 days 01:07:44.104031,1
688,5,4837,0 days 01:07:49.637406,1
689,3,4841,0 days 01:07:55.103432,1
690,7,4849,0 days 01:08:00.704135,1
691,4,4854,0 days 01:08:06.204905,1
692,13,4868,0 days 01:08:13.705523,1
693,5,4874,0 days 01:08:19.238617,1
694,14,4889,0 days 01:08:26.206115,1
695,4,4894,0 days 01:08:31.705222,1
696,6,4901,0 days 01:08:37.271985,1
697,17,4919,0 days 01:08:43.772492,1
698,4,4924,0 days 01:08:49.272367,1
699,4,4929,0 days 01:08:54.772961,1
700,3,4933,0 days 01:09:01.359806,1
701,5,4939,0 days 01:09:06.890507,1
702,5,4945,0 days 01:09:12.423756,1
703,5,4951,0 days 01:09:17.957265,1
704,4,4956,0 days 01:09:23.457788,1
705,2,4959,0 days 01:09:28.890771,1
706,19,4979,0 days 01:09:39.425081,1
707,4,4984,0 days 01:09:44.925246,1
708,6,4991,0 days 01:09:50.491687,1
709,5,4997,0 days 01:09:56.026451,1
710,2,5000,0 days 01:10:01.458462,1
711,6,5007,0 days 01:10:07.025735,1
712,3,5011,0 days 01:10:12.492217,1
713,6,5018,0 days 01:10:18.059269,1
714,12,5031,0 days 01:10:24.960149,1
715,19,5051,0 days 01:10:33.793814,1
716,2,5054,0 days 01:10:39.227085,1
717,7,5062,0 days 01:10:44.827775,1
718,6,5069,0 days 01:10:50.394113,1
719,10,5080,0 days 01:10:57.794726,1
720,2,5083,0 days 01:11:04.379399,1
721,4,5088,0 days 01:11:09.878312,1
722,3,5092,0 days 01:11:15.344872,1
723,2,5095,0 days 01:11:20.778866,1
724,17,5113,0 days 01:11:28.979656,1
725,3,5117,0 days 01:11:34.446141,1
726,9,5127,0 days 01:11:40.679686,1
727,4,5132,0 days 01:11:46.179279,1
728,2,5135,0 days 01:11:51.612590,1
729,5,5141,0 days 01:11:57.146528,1
730,6,5148,0 days 01:12:02.713216,1
731,5,5154,0 days 01:12:08.247631,1
732,7,5162,0 days 01:12:13.846967,1
733,11,5174,0 days 01:12:21.281322,1
734,5,5180,0 days 01:12:26.813883,1
735,5,5186,0 days 01:12:32.347830,1
736,7,5194,0 days 01:12:37.948728,1
737,8,5203,0 days 01:12:44.149751,1
738,3,5207,0 days 01:12:49.614684,1
739,14,5222,0 days 01:12:56.018269,1
740,11,5234,0 days 01:13:03.508890,1
741,5,5240,0 days 01:13:09.049444,1
742,4,5245,0 days 01:13:14.550082,1
743,17,5263,0 days 01:13:21.616638,1
744,4,5268,0 days 01:13:27.117389,1
745,7,5276,0 days 01:13:32.717056,1
746,3,5280,0 days 01:13:38.183948,1
747,3,5284,0 days 01:13:43.650204,1
748,14,5299,0 days 01:13:50.618393,1
749,2,5302,0 days 01:13:56.050904,1
750,5,5308,0 days 01:14:01.584588,1
751,3,5312,0 days 01:14:07.052097,1
752,10,5323,0 days 01:14:13.319156,1
753,10,5334,0 days 01:14:20.152202,1
754,17,5352,0 days 01:14:28.352883,1
755,2,5355,0 days 01:14:33.785235,1
756,5,5361,0 days 01:14:39.319620,1
757,5,5367,0 days 01:14:44.852897,1
758,3,5371,0 days 01:14:50.320207,1
759,5,5377,0 days 01:14:55.853333,1
760,4,5382,0 days 01:15:02.576386,1
761,2,5385,0 days 01:15:08.004210,1
762,16,5402,0 days 01:15:15.605455,1
763,4,5407,0 days 01:15:21.104721,1
764,3,5411,0 days 01:15:26.571083,1
765,16,5428,0 days 01:15:35.872386,1
766,2,5431,0 days 01:15:41.306159,1
767,5,5437,0 days 01:15:46.838438,1
768,3,5441,0 days 01:15:52.305509,1
769,5,5447,0 days 01:15:57.839041,1
770,2,5450,0 days 01:16:03.272957,1
771,3,5454,0 days 01:16:08.739884,1
772,16,5471,0 days 01:16:15.206409,1
773,9,5481,0 days 01:16:21.441541,1
774,11,5493,0 days 01:16:28.307538,1
775,7,5501,0 days 01:16:33.907205,1
776,3,5505,0 days 01:16:39.373394,1
777,6,5512,0 days 01:16:44.940343,1
778,6,5519,0 days 01:16:50.507590,1
779,6,5526,0 days 01:16:56.074809,1
780,2,5529,0 days 01:17:02.965008,1
781,17,5547,0 days 01:17:10.026832,1
782,3,5551,0 days 01:17:15.492418,1
783,7,5559,0 days 01:17:21.092200,1
784,11,5571,0 days 01:17:27.959519,1
785,5,5577,0 days 01:17:33.492686,1
786,4,5582,0 days 01:17:39.792795,1
787,7,5590,0 days 01:17:45.393255,1
788,5,5596,0 days 01:17:50.926551,1
789,4,5601,0 days 01:17:56.427308,1
790,21,5623,0 days 01:18:05.894468,1
791,5,5629,0 days 01:18:11.427829,1
792,3,5633,0 days 01:18:16.894199,1
793,7,5641,0 days 01:18:22.494964,1
794,5,5647,0 days 01:18:28.028478,1
795,2,5650,0 days 01:18:33.462021,1
796,3,5654,0 days 01:18:38.928705,1
797,4,5659,0 days 01:18:44.429371,1
798,5,5665,0 days 01:18:49.962333,1
799,3,5669,0 days 01:18:55.428872,1
800,3,5673,0 days 01:19:02.199465,1
801,3,5677,0 days 01:19:07.662871,1
802,3,5681,0 days 01:19:13.130202,1
803,5,5687,0 days 01:19:18.663110,1
804,2,5690,0 days 01:19:24.097278,1
805,17,5708,0 days 01:19:32.298020,1
806,14,5723,0 days 01:19:38.697792,1
807,5,5729,0 days 01:19:44.230989,1
808,5,5735,0 days 01:19:49.764594,1
809,2,5738,0 days 01:19:55.199480,1
810,5,5744,0 days 01:20:00.732051,1
811,3,5748,0 days 01:20:06.199193,1
812,5,5754,0 days 01:20:11.732831,1
813,6,5761,0 days 01:20:17.299568,1
814,3,5765,0 days 01:20:22.765913,1
815,3,5769,0 days 01:20:28.232710,1
816,4,5774,0 days 01:20:33.733181,1
817,4,5779,0 days 01:20:39.233737,1
818,7,5787,0 days 01:20:44.833453,1
819,16,5804,0 days 01:20:53.567821,1
820,6,5811,0 days 01:21:00.474525,1
821,3,5815,0 days 01:21:05.950610,1
822,4,5820,0 days 01:21:11.451261,1
823,16,5837,0 days 01:21:19.051753,1
824,17,5855,0 days 01:21:27.251502,1
825,2,5858,0 days 01:21:32.684625,1
826,3,5862,0 days 01:21:38.151698,1
827,7,5870,0 days 01:21:43.752144,1
828,2,5873,0 days 01:21:49.186165,1
829,4,5878,0 days 01:21:54.686455,1
830,6,5885,0 days 01:22:00.252501,1
831,8,5894,0 days 01:22:06.454612,1
832,3,5898,0 days 01:22:11.920711,1
833,4,5903,0 days 01:22:17.420487,1
834,6,5910,0 days 01:22:22.987991,1
835,5,5916,0 days 01:22:28.520818,1
836,5,5922,0 days 01:22:34.054447,1
837,4,5927,0 days 01:22:39.554052,1
838,5,5933,0 days 01:22:45.088744,1
839,14,5948,0 days 01:22:51.488911,1
840,4,5953,0 days 01:22:58.365468,1
841,6,5960,0 days 01:23:03.938887,1
842,2,5963,0 days 01:23:09.373312,1
843,3,5967,0 days 01:23:14.839113,1
844,4,5972,0 days 01:23:20.339770,1
845,3,5976,0 days 01:23:25.806870,1
846,4,5981,0 days 01:23:31.306459,1
847,4,5986,0 days 01:23:36.807096,1
848,5,5992,0 days 01:23:42.340917,1
849,2,5995,0 days 01:23:47.774218,1
850,12,6008,0 days 01:23:54.674509,1
851,3,6012,0 days 01:24:00.140376,1
852,6,6019,0 days 01:24:05.708013,1
853,5,6025,0 days 01:24:11.241394,1
854,10,6036,0 days 01:24:17.510102,1
855,2,6039,0 days 01:24:22.941253,1
856,8,6048,0 days 01:24:28.576173,1
857,17,6066,0 days 01:24:35.076058,1
858,10,6077,0 days 01:24:41.909364,1
859,2,6080,0 days 01:24:47.343310,1
860,2,6083,0 days 01:24:54.205288,1
861,4,6088,0 days 01:24:59.710835,1
862,24,6113,0 days 01:25:10.410791,1
863,2,6116,0 days 01:25:15.843896,1
864,2,6119,0 days 01:25:21.277609,1
865,7,6127,0 days 01:25:26.878789,1
866,10,6138,0 days 01:25:33.711675,1
867,2,6141,0 days 01:25:39.146220,1
868,5,6147,0 days 01:25:44.678232,1
869,10,6158,0 days 01:25:50.944992,1
870,4,6163,0 days 01:25:56.445653,1
871,3,6167,0 days 01:26:01.912562,1
872,7,6175,0 days 01:26:07.512779,1
873,5,6181,0 days 01:26:13.046574,1
874,2,6184,0 days 01:26:18.480088,1
875,6,6191,0 days 01:26:24.047115,1
876,19,6211,0 days 01:26:33.447998,1
877,4,6216,0 days 01:26:38.947631,1
878,5,6222,0 days 01:26:44.480622,1
879,4,6227,0 days 01:26:49.980978,1
880,3,6231,0 days 01:26:56.967913,1
881,6,6238,0 days 01:27:02.531231,1
882,4,6243,0 days 01:27:08.031373,1
883,5,6249,0 days 01:27:13.565571,1
884,4,6254,0 days 01:27:19.065905,1
885,4,6259,0 days 01:27:24.565271,1
886,5,6265,0 days 01:27:30.099230,1
887,5,6271,0 days 01:27:35.632808,1
888,6,6278,0 days 01:27:41.199164,1
889,6,6285,0 days 01:27:46.766996,1
890,12,6298,0 days 01:27:54.233662,1
891,7,6306,0 days 01:27:59.834215,1
892,3,6310,0 days 01:28:05.300224,1
893,5,6316,0 days 01:28:10.834198,1
894,6,6323,0 days 01:28:16.401324,1
895,3,6327,0 days 01:28:21.867731,1
896,17,6345,0 days 01:28:30.068510,1
897,7,6353,0 days 01:28:36.236259,1
898,12,6366,0 days 01:28:43.135125,1
899,4,6371,0 days 01:28:48.635621,1
900,6,6378,0 days 01:28:55.669566,1
901,2,6381,0 days 01:29:01.102627,1
902,2,6384,0 days 01:29:06.537875,1
903,3,6388,0 days 01:29:12.002530,1
904,4,6393,0 days 01:29:17.503183,1
905,16,6410,0 days 01:29:26.803947,1
906,4,6415,0 days 01:29:32.304226,1
907,5,6421,0 days 01:29:37.837791,1
908,10,6432,0 days 01:29:44.671601,1
909,18,6451,0 days 01:29:51.772143,1
910,7,6459,0 days 01:29:57.372222,1
911,4,6464,0 days 01:30:02.872428,1
912,2,6467,0 days 01:30:08.306164,1
913,4,6472,0 days 01:30:13.805477,1
914,3,6476,0 days 01:30:19.271729,1
915,5,6482,0 days 01:30:24.806629,1
916,9,6492,0 days 01:30:31.039303,1
917,4,6497,0 days 01:30:36.540317,1
918,3,6501,0 days 01:30:42.006921,1
919,2,6504,0 days 01:30:47.440473,1
920,5,6510,0 days 01:30:54.474055,1
921,4,6515,0 days 01:30:59.974132,1
922,5,6521,0 days 01:31:05.507912,1
923,5,6527,0 days 01:31:11.041491,1
924,9,6537,0 days 01:31:17.274557,1
925,2,6540,0 days 01:31:22.708461,1
926,7,6548,0 days 01:31:28.308891,1
927,15,6564,0 days 01:31:35.876622,1
928,2,6567,0 days 01:31:41.309119,1
929,2,6570,0 days 01:31:46.743702,1
930,4,6575,0 days 01:31:52.242255,1
931,3,6579,0 days 01:31:57.709865,1
932,4,6584,0 days 01:32:03.209925,1
933,5,6590,0 days 01:32:08.743974,1
934,7,6598,0 days 01:32:14.343866,1
935,2,6601,0 days 01:32:19.778207,1
936,5,6607,0 days 01:32:25.310911,1
937,3,6611,0 days 01:32:30.777083,1
938,4,6616,0 days 01:32:36.278449,1
939,11,6628,0 days 01:32:43.712210,1
940,2,6631,0 days 01:32:50.701533,1
941,3,6635,0 days 01:32:56.161519,1
942,3,6639,0 days 01:33:01.627958,1
943,13,6653,0 days 01:33:07.995539,1
944,4,6658,0 days 01:33:13.495723,1
945,3,6662,0 days 01:33:18.961964,1
946,5,6668,0 days 01:33:24.496296,1
947,6,6675,0 days 01:33:30.063501,1
948,11,6687,0 days 01:33:36.363623,1
949,2,6690,0 days 01:33:41.796915,1
950,5,6696,0 days 01:33:47.330036,1
951,3,6700,0 days 01:33:52.797586,1
952,3,6704,0 days 01:33:58.264037,1
953,3,6708,0 days 01:34:03.731232,1
954,3,6712,0 days 01:34:09.197579,1
955,15,6728,0 days 01:34:15.631834,1
956,2,6731,0 days 01:34:21.065976,1
957,6,6738,0 days 01:34:26.632000,1
958,3,6742,0 days 01:34:32.098894,1
959,15,6758,0 days 01:34:39.667787,1
960,14,6773,0 days 01:34:49.453108,1
961,2,6776,0 days 01:34:54.883169,1
962,6,6783,0 days 01:35:00.449763,1
963,7,6791,0 days 01:35:06.049845,1
964,4,6796,0 days 01:35:11.550099,1
965,4,6801,0 days 01:35:17.051047,1
966,13,6815,0 days 01:35:23.419661,1
967,5,6821,0 days 01:35:28.950733,1
968,5,6827,0 days 01:35:34.484793,1
969,3,6831,0 days 01:35:39.951689,1
970,3,6835,0 days 01:35:45.418556,1
971,3,6839,0 days 01:35:50.885114,1
972,3,6843,0 days 01:35:56.351652,1
973,3,6847,0 days 01:36:01.818878,1
974,3,6851,0 days 01:36:07.285260,1
975,6,6858,0 days 01:36:12.852294,1
976,19,6878,0 days 01:36:21.119919,1
977,3,6882,0 days 01:36:26.585893,1
978,3,6886,0 days 01:36:32.053670,1
979,4,6891,0 days 01:36:37.554169,1
980,3,6895,0 days 01:36:44.633200,1
981,4,6900,0 days 01:36:50.137103,1
982,9,6910,0 days 01:36:56.372538,1
983,5,6916,0 days 01:37:01.905106,1
984,16,6933,0 days 01:37:10.073100,1
985,16,6950,0 days 01:37:16.538924,1
986,3,6954,0 days 01:37:22.004732,1
987,3,6958,0 days 01:37:27.472534,1
988,3,6962,0 days 01:37:32.939340,1
989,5,6968,0 days 01:37:38.472784,1
990,15,6984,0 days 01:37:47.174065,1
991,4,6989,0 days 01:37:52.673186,1
992,6,6996,0 days 01:37:58.240469,1
993,13,7010,0 days 01:38:04.606933,1
994,7,7018,0 days 01:38:10.207461,1
995,3,7022,0 days 01:38:15.674317,1
996,3,7026,0 days 01:38:21.140632,1
997,3,7030,0 days 01:38:26.607672,1
998,4,7035,0 days 01:38:32.108479,1
999,5,7041,0 days 01:38:37.641557,1
1000,5,7047,0 days 01:38:45.021502,1
1001,4,7052,0 days 01:38:50.525651,1
1002,25,7078,0 days 01:39:03.526133,1
1003,5,7084,0 days 01:39:09.059012,1
1004,7,7092,0 days 01:39:14.660317,1
1005,24,7117,0 days 01:39:24.227023,1
1006,2,7120,0 days 01:39:29.660412,1
1007,2,7123,0 days 01:39:35.094482,1
1008,4,7128,0 days 01:39:40.593436,1
1009,2,7131,0 days 01:39:46.027969,1
1010,2,7134,0 days 01:39:51.462616,1
1011,4,7139,0 days 01:39:56.961010,1
1012,13,7153,0 days 01:40:03.894823,1
1013,4,7158,0 days 01:40:09.395311,1
1014,22,7181,0 days 01:40:17.195971,1
1015,3,7185,0 days 01:40:22.661838,1
1016,2,7188,0 days 01:40:28.096754,1
1017,6,7195,0 days 01:40:33.662934,1
1018,7,7203,0 days 01:40:39.263538,1
1019,7,7211,0 days 01:40:44.863687,1
1020,3,7215,0 days 01:40:52.317860,1
1021,5,7221,0 days 01:40:57.847359,1
1022,5,7227,0 days 01:41:03.380069,1
1023,4,7232,0 days 01:41:08.880932,1
1024,15,7248,0 days 01:41:17.580703,1
1025,11,7260,0 days 01:41:24.448368,1
1026,3,7264,0 days 01:41:29.914615,1
1027,3,7268,0 days 01:41:35.380946,1
1028,2,7271,0 days 01:41:40.815489,1
1029,6,7278,0 days 01:41:46.381957,1
1030,2,7281,0 days 01:41:51.817267,1
1031,3,7285,0 days 01:41:57.282785,1
1032,4,7290,0 days 01:42:02.782949,1
1033,5,7296,0 days 01:42:08.316363,1
1034,22,7319,0 days 01:42:18.384985,1
1035,3,7323,0 days 01:42:23.849868,1
1036,24,7348,0 days 01:42:35.686221,1
1037,3,7352,0 days 01:42:41.151133,1
1038,14,7367,0 days 01:42:47.551377,1
1039,3,7371,0 days 01:42:53.017933,1
1040,4,7376,0 days 01:43:00.457170,1
1041,5,7382,0 days 01:43:05.984548,1
1042,4,7387,0 days 01:43:11.485034,1
1043,3,7391,0 days 01:43:16.952329,1
1044,3,7395,0 days 01:43:22.419368,1
1045,4,7400,0 days 01:43:27.919670,1
1046,2,7403,0 days 01:43:33.352800,1
1047,4,7408,0 days 01:43:38.853405,1
1048,4,7413,0 days 01:43:44.352943,1
1049,14,7428,0 days 01:43:51.320248,1
1050,4,7433,0 days 01:43:56.821086,1
1051,2,7436,0 days 01:44:02.254233,1
1052,3,7440,0 days 01:44:07.720854,1
1053,7,7448,0 days 01:44:13.321664,1
1054,7,7456,0 days 01:44:18.921280,1
1055,14,7471,0 days 01:44:26.456832,1
1056,2,7474,0 days 01:44:31.890179,1
1057,7,7482,0 days 01:44:37.489066,1
1058,21,7504,0 days 01:44:45.255878,1
1059,4,7509,0 days 01:44:50.755866,1
1060,9,7519,0 days 01:44:58.692456,1
1061,5,7525,0 days 01:45:04.222901,1
1062,11,7537,0 days 01:45:10.525178,1
1063,3,7541,0 days 01:45:15.989504,1
1064,2,7544,0 days 01:45:21.422914,1
1065,5,7550,0 days 01:45:26.957705,1
1066,25,7576,0 days 01:45:37.692068,1
1067,2,7579,0 days 01:45:43.124497,1
1068,4,7584,0 days 01:45:48.624232,1
1069,6,7591,0 days 01:45:54.191278,1
1070,8,7600,0 days 01:46:00.392246,1
1071,3,7604,0 days 01:46:05.858341,1
1072,3,7608,0 days 01:46:11.325821,1
1073,2,7611,0 days 01:46:16.758852,1
1074,3,7615,0 days 01:46:22.225638,1
1075,4,7620,0 days 01:46:27.726564,1
1076,6,7627,0 days 01:46:33.293160,1
1077,2,7630,0 days 01:46:38.726866,1
1078,2,7633,0 days 01:46:44.160638,1
1079,6,7640,0 days 01:46:49.727640,1
1080,5,7646,0 days 01:46:57.583326,1
1081,4,7651,0 days 01:47:03.077349,1
1082,3,7655,0 days 01:47:08.543988,1
1083,5,7661,0 days 01:47:14.078021,1
1084,3,7665,0 days 01:47:19.545006,1
1085,3,7669,0 days 01:47:25.011204,1
1086,6,7676,0 days 01:47:30.578464,1
1087,5,7682,0 days 01:47:36.112676,1
1088,7,7690,0 days 01:47:41.712294,1
1089,8,7699,0 days 01:47:47.345692,1
1090,7,7707,0 days 01:47:52.945990,1
1091,4,7712,0 days 01:47:58.446763,1
1092,23,7736,0 days 01:48:09.680529,1
1093,2,7739,0 days 01:48:15.113206,1
1094,5,7745,0 days 01:48:20.647527,1
1095,4,7750,0 days 01:48:26.146858,1
1096,6,7757,0 days 01:48:31.714361,1
1097,6,7764,0 days 01:48:37.281178,1
1098,4,7769,0 days 01:48:42.781328,1
1099,5,7775,0 days 01:48:48.315156,1
1100,4,7780,0 days 01:48:56.301628,1
1101,8,7789,0 days 01:49:01.932341,1
1102,3,7793,0 days 01:49:07.398570,1
1103,19,7813,0 days 01:49:15.666369,1
1104,15,7829,0 days 01:49:25.500268,1
1105,5,7835,0 days 01:49:31.033479,1
1106,2,7838,0 days 01:49:36.466204,1
1107,2,7841,0 days 01:49:41.900665,1
1108,9,7851,0 days 01:49:48.134309,1
1109,7,7859,0 days 01:49:53.733769,1
1110,4,7864,0 days 01:49:59.234338,1
1111,5,7870,0 days 01:50:04.768075,1
1112,5,7876,0 days 01:50:10.301729,1
1113,4,7881,0 days 01:50:15.801725,1
1114,3,7885,0 days 01:50:21.268705,1
1115,3,7889,0 days 01:50:26.736158,1
1116,4,7894,0 days 01:50:32.235792,1
1117,17,7912,0 days 01:50:40.437476,1
1118,5,7918,0 days 01:50:45.969031,1
1119,4,7923,0 days 01:50:51.469707,1
1120,2,7926,0 days 01:50:59.473840,1
1121,4,7931,0 days 01:51:04.970379,1
1122,17,7949,0 days 01:51:12.604292,1
1123,4,7954,0 days 01:51:18.103891,1
1124,8,7963,0 days 01:51:24.303814,1
1125,4,7968,0 days 01:51:29.804036,1
1126,7,7976,0 days 01:51:35.404505,1
1127,28,8005,0 days 01:51:45.671974,1
1128,8,8014,0 days 01:51:51.872344,1
1129,6,8021,0 days 01:51:57.438653,1
1130,6,8028,0 days 01:52:03.006360,1
1131,2,8031,0 days 01:52:08.439465,1
1132,3,8035,0 days 01:52:13.906374,1
1133,6,8042,0 days 01:52:19.473298,1
1134,4,8047,0 days 01:52:24.973439,1
1135,29,8077,0 days 01:52:38.107528,1
1136,2,8080,0 days 01:52:43.540503,1
1137,3,8084,0 days 01:52:49.007091,1
1138,5,8090,0 days 01:52:54.540691,1
1139,19,8110,0 days 01:53:01.108313,1
1140,5,8116,0 days 01:53:09.224138,1
1141,5,8122,0 days 01:53:14.758872,1
1142,2,8125,0 days 01:53:20.191585,1
1143,5,8131,0 days 01:53:25.725766,1
1144,15,8147,0 days 01:53:32.726348,1
1145,3,8151,0 days 01:53:38.191899,1
1146,5,8157,0 days 01:53:43.726365,1
1147,19,8177,0 days 01:53:52.560251,1
1148,6,8184,0 days 01:53:58.127073,1
1149,9,8194,0 days 01:54:03.793128,1
1150,4,8199,0 days 01:54:09.293853,1
1151,11,8211,0 days 01:54:16.728005,1
1152,3,8215,0 days 01:54:22.193805,1
1153,2,8218,0 days 01:54:27.628132,1
1154,3,8222,0 days 01:54:33.093998,1
1155,7,8230,0 days 01:54:38.695215,1
1156,2,8233,0 days 01:54:44.128067,1
1157,18,8252,0 days 01:54:54.064067,1
1158,4,8257,0 days 01:54:59.562012,1
1159,4,8262,0 days 01:55:05.062393,1
1160,4,8267,0 days 01:55:13.472564,1
1161,3,8271,0 days 01:55:18.946766,1
1162,2,8274,0 days 01:55:24.380343,1
1163,6,8281,0 days 01:55:29.947497,1
1164,6,8288,0 days 01:55:35.513739,1
1165,2,8291,0 days 01:55:40.947140,1
1166,3,8295,0 days 01:55:46.413767,1
1167,4,8300,0 days 01:55:51.915045,1
1168,6,8307,0 days 01:55:57.480927,1
1169,4,8312,0 days 01:56:02.981436,1
1170,2,8315,0 days 01:56:08.415320,1
1171,5,8321,0 days 01:56:13.948322,1
1172,6,8328,0 days 01:56:19.515430,1
1173,4,8333,0 days 01:56:25.016296,1
1174,2,8336,0 days 01:56:30.449478,1
1175,4,8341,0 days 01:56:35.949768,1
1176,3,8345,0 days 01:56:41.416056,1
1177,7,8353,0 days 01:56:47.016193,1
1178,3,8357,0 days 01:56:52.483097,1
1179,17,8375,0 days 01:57:00.683986,1
1180,6,8382,0 days 01:57:09.253998,1
1181,5,8388,0 days 01:57:14.784524,1
1182,12,8401,0 days 01:57:21.684787,1
1183,19,8421,0 days 01:57:32.219640,1
1184,8,8430,0 days 01:57:37.851579,1
1185,3,8434,0 days 01:57:43.318358,1
1186,14,8449,0 days 01:57:49.721270,1
1187,5,8455,0 days 01:57:55.252218,1
1188,3,8459,0 days 01:58:00.719267,1
1189,21,8481,0 days 01:58:10.754398,1
1190,4,8486,0 days 01:58:16.253336,1
1191,7,8494,0 days 01:58:21.854088,1
1192,2,8497,0 days 01:58:27.286728,1
1193,10,8508,0 days 01:58:33.554707,1
1194,6,8515,0 days 01:58:39.121395,1
1195,2,8518,0 days 01:58:44.555576,1
1196,2,8521,0 days 01:58:49.988165,1
1197,4,8526,0 days 01:58:55.488373,1
1198,2,8529,0 days 01:59:00.921807,1
1199,2,8532,0 days 01:59:06.355741,1
1200,7,8540,0 days 01:59:15.037489,1
1201,6,8547,0 days 01:59:20.605841,1
1202,5,8553,0 days 01:59:26.138950,1
1203,4,8558,0 days 01:59:31.639374,1
1204,5,8564,0 days 01:59:37.173477,1
1205,2,8567,0 days 01:59:42.607843,1
1206,5,8573,0 days 01:59:48.140605,1
1207,21,8595,0 days 01:59:58.741509,1
1208,6,8602,0 days 02:00:04.307042,1
1209,13,8616,0 days 02:00:11.240641,1
1210,3,8620,0 days 02:00:16.707664,1
1211,3,8624,0 days 02:00:22.174800,1
1212,21,8646,0 days 02:00:30.508685,1
1213,2,8649,0 days 02:00:35.942224,1
1214,4,8654,0 days 02:00:41.442652,1
1215,4,8659,0 days 02:00:46.942647,1
1216,6,8666,0 days 02:00:52.509517,1
1217,5,8672,0 days 02:00:58.043065,1
1218,11,8684,0 days 02:01:04.343313,1
1219,3,8688,0 days 02:01:09.810191,1
1220,4,8693,0 days 02:01:18.411776,1
1221,2,8696,0 days 02:01:23.843423,1
1222,32,8729,0 days 02:01:35.380188,1
1223,5,8735,0 days 02:01:40.911122,1
1224,2,8738,0 days 02:01:46.345281,1
1225,3,8742,0 days 02:01:51.811495,1
1226,5,8748,0 days 02:01:57.344785,1
1227,3,8752,0 days 02:02:02.812415,1
1228,3,8756,0 days 02:02:08.278090,1
1229,2,8759,0 days 02:02:13.711709,1
1230,4,8764,0 days 02:02:19.212857,1
1231,5,8770,0 days 02:02:24.746468,1
1232,2,8773,0 days 02:02:30.181148,1
1233,3,8777,0 days 02:02:35.646317,1
1234,7,8785,0 days 02:02:41.247038,1
1235,14,8800,0 days 02:02:47.646595,1
1236,3,8804,0 days 02:02:53.114157,1
1237,4,8809,0 days 02:02:58.614175,1
1238,9,8819,0 days 02:03:04.848136,1
1239,6,8826,0 days 02:03:10.414293,1
1240,5,8832,0 days 02:03:19.130304,1
1241,5,8838,0 days 02:03:24.665928,1
1242,3,8842,0 days 02:03:30.132122,1
1243,4,8847,0 days 02:03:35.632614,1
1244,4,8852,0 days 02:03:41.132665,1
1245,3,8856,0 days 02:03:46.598739,1
1246,3,8860,0 days 02:03:52.065619,1
1247,3,8864,0 days 02:03:57.533367,1
1248,5,8870,0 days 02:04:03.066684,1
1249,10,8881,0 days 02:04:09.335746,1
1250,6,8888,0 days 02:04:14.900884,1
1251,3,8892,0 days 02:04:20.366715,1
1252,3,8896,0 days 02:04:25.833583,1
1253,9,8906,0 days 02:04:32.069168,1
1254,14,8921,0 days 02:04:41.301639,1
1255,2,8924,0 days 02:04:46.735252,1
1256,7,8932,0 days 02:04:52.335394,1
1257,5,8938,0 days 02:04:57.869210,1
1258,5,8944,0 days 02:05:03.401473,1
1259,4,8949,0 days 02:05:08.903236,1
1260,2,8952,0 days 02:05:17.567713,1
1261,4,8957,0 days 02:05:23.069383,1
1262,4,8962,0 days 02:05:28.570114,1
1263,10,8973,0 days 02:05:35.972328,1
1264,18,8992,0 days 02:05:44.770820,1
1265,7,9000,0 days 02:05:50.370532,1
1266,12,9013,0 days 02:05:57.271203,1
1267,3,9017,0 days 02:06:02.737834,1
1268,3,9021,0 days 02:06:08.203962,1
1269,3,9025,0 days 02:06:13.671041,1
1270,5,9031,0 days 02:06:19.204885,1
1271,6,9038,0 days 02:06:24.772033,1
1272,3,9042,0 days 02:06:30.238745,1
1273,15,9058,0 days 02:06:38.372328,1
1274,19,9078,0 days 02:06:46.073510,1
1275,6,9085,0 days 02:06:51.640276,1
1276,4,9090,0 days 02:06:57.140190,1
1277,3,9094,0 days 02:07:02.606127,1
1278,6,9101,0 days 02:07:08.173223,1
1279,6,9108,0 days 02:07:13.740506,1
1280,3,9112,0 days 02:07:22.583633,1
1281,13,9126,0 days 02:07:28.957832,1
1282,3,9130,0 days 02:07:34.424635,1
1283,3,9134,0 days 02:07:39.891859,1
1284,14,9149,0 days 02:07:47.425712,1
1285,5,9155,0 days 02:07:52.958921,1
1286,5,9161,0 days 02:07:58.491568,1
1287,2,9164,0 days 02:08:03.925900,1
1288,2,9167,0 days 02:08:09.359812,1
1289,6,9174,0 days 02:08:14.926093,1
1290,2,9177,0 days 02:08:20.359428,1
1291,6,9184,0 days 02:08:25.926890,1
1292,3,9188,0 days 02:08:31.393606,1
1293,3,9192,0 days 02:08:36.860589,1
1294,3,9196,0 days 02:08:42.327038,1
1295,4,9201,0 days 02:08:47.827963,1
1296,4,9206,0 days 02:08:53.327667,1
1297,3,9210,0 days 02:08:58.794097,1
1298,4,9215,0 days 02:09:04.294745,1
1299,5,9221,0 days 02:09:09.828841,1
1300,2,9224,0 days 02:09:18.551971,1
1301,10,9235,0 days 02:09:24.814461,1
1302,8,9244,0 days 02:09:30.445835,1
1303,22,9267,0 days 02:09:39.379711,1
1304,6,9274,0 days 02:09:44.946951,1
1305,4,9279,0 days 02:09:50.446723,1
1306,4,9284,0 days 02:09:55.946563,1
1307,6,9291,0 days 02:10:01.513258,1
1308,4,9296,0 days 02:10:07.014102,1
1309,3,9300,0 days 02:10:12.480994,1
1310,7,9308,0 days 02:10:18.080999,1
1311,3,9312,0 days 02:10:23.548058,1
1312,6,9319,0 days 02:10:29.114948,1
1313,3,9323,0 days 02:10:34.581781,1
1314,32,9356,0 days 02:10:46.115614,1
1315,3,9360,0 days 02:10:51.582301,1
1316,8,9369,0 days 02:10:57.783754,1
1317,11,9381,0 days 02:11:04.082770,1
1318,22,9404,0 days 02:11:14.150693,1
1319,4,9409,0 days 02:11:19.649833,1
1320,3,9413,0 days 02:11:27.833306,1
1321,7,9421,0 days 02:11:33.434362,1
1322,14,9436,0 days 02:11:40.968159,1
1323,6,9443,0 days 02:11:46.534075,1
1324,13,9457,0 days 02:11:52.902262,1
1325,4,9462,0 days 02:11:58.401051,1
1326,9,9472,0 days 02:12:04.636273,1
1327,3,9476,0 days 02:12:10.101798,1
1328,3,9480,0 days 02:12:15.568317,1
1329,5,9486,0 days 02:12:21.102813,1
1330,22,9509,0 days 02:12:32.305000,1
1331,4,9514,0 days 02:12:37.803452,1
1332,3,9518,0 days 02:12:43.269751,1
1333,4,9523,0 days 02:12:48.770316,1
1334,5,9529,0 days 02:12:54.303401,1
1335,3,9533,0 days 02:12:59.770564,1
1336,7,9541,0 days 02:13:05.371122,1
1337,16,9558,0 days 02:13:12.971222,1
1338,5,9564,0 days 02:13:18.504238,1
1339,6,9571,0 days 02:13:24.071637,1
1340,5,9577,0 days 02:13:33.207312,1
1341,4,9582,0 days 02:13:38.705716,1
1342,3,9586,0 days 02:13:44.172492,1
1343,2,9589,0 days 02:13:49.605957,1
1344,2,9592,0 days 02:13:55.039500,1
1345,4,9597,0 days 02:14:00.539880,1
1346,6,9604,0 days 02:14:06.106460,1
1347,3,9608,0 days 02:14:11.573174,1
1348,4,9613,0 days 02:14:17.073757,1
1349,4,9618,0 days 02:14:22.573803,1
1350,3,9622,0 days 02:14:28.040759,1
1351,2,9625,0 days 02:14:33.473559,1
1352,4,9630,0 days 02:14:38.973855,1
1353,5,9636,0 days 02:14:44.507474,1
1354,4,9641,0 days 02:14:50.008462,1
1355,3,9645,0 days 02:14:55.474254,1
1356,4,9650,0 days 02:15:00.975627,1
1357,2,9653,0 days 02:15:06.408975,1
1358,9,9663,0 days 02:15:12.641757,1
1359,14,9678,0 days 02:15:20.175887,1
1360,6,9685,0 days 02:15:29.364336,1
1361,7,9693,0 days 02:15:34.959601,1
1362,3,9697,0 days 02:15:40.426476,1
1363,3,9701,0 days 02:15:45.893698,1
1364,2,9704,0 days 02:15:51.326625,1
1365,4,9709,0 days 02:15:56.827343,1
1366,21,9731,0 days 02:16:06.862193,1
1367,7,9739,0 days 02:16:12.460751,1
1368,3,9743,0 days 02:16:17.928644,1
1369,5,9749,0 days 02:16:23.461419,1
1370,28,9778,0 days 02:16:32.597746,1
1371,7,9786,0 days 02:16:38.195283,1
1372,4,9791,0 days 02:16:43.695967,1
1373,7,9799,0 days 02:16:49.295801,1
1374,9,9809,0 days 02:16:55.529943,1
1375,5,9815,0 days 02:17:01.062643,1
1376,2,9818,0 days 02:17:06.497039,1
1377,16,9835,0 days 02:17:14.663892,1
1378,4,9840,0 days 02:17:20.163663,1
1379,7,9848,0 days 02:17:25.763797,1
1380,5,9854,0 days 02:17:35.332622,1
1381,2,9857,0 days 02:17:40.764558,1
1382,5,9863,0 days 02:17:46.298482,1
1383,2,9866,0 days 02:17:51.731767,1
1384,6,9873,0 days 02:17:57.298267,1
1385,3,9877,0 days 02:18:02.765095,1
1386,9,9887,0 days 02:18:08.999195,1
1387,5,9893,0 days 02:18:14.532778,1
1388,6,9900,0 days 02:18:20.099077,1
1389,19,9920,0 days 02:18:28.933380,1
1390,4,9925,0 days 02:18:34.433068,1
1391,13,9939,0 days 02:18:42.501890,1
1392,8,9948,0 days 02:18:48.134297,1
1393,3,9952,0 days 02:18:53.600363,1
1394,4,9957,0 days 02:18:59.101504,1
1395,3,9961,0 days 02:19:04.567386,1
1396,4,9966,0 days 02:19:10.067820,1
1397,4,9971,0 days 02:19:15.568682,1
1398,4,9976,0 days 02:19:21.068037,1
1399,5,9982,0 days 02:19:26.602744,1
1400,4,9987,0 days 02:19:36.193557,1
1401,3,9991,0 days 02:19:41.668765,1
1402,5,9997,0 days 02:19:47.202722,1
1403,5,10003,0 days 02:19:58.830060,0.9989643733399741
1404,4,10008,0 days 02:20:07.419652,0.9972407117415489
1405,13,10022,0 days 02:20:18.659191,0.9924302650467762
1406,3,10026,0 days 02:20:27.286828,0.9910601186478297
1407,4,10031,0 days 02:20:36.044180,0.9893500954339562
1408,10,10042,0 days 02:20:45.856051,0.9855984231565934
1409,3,10046,0 days 02:20:54.421479,0.9842377087791134
1410,4,10051,0 days 02:21:03.056419,0.9825394572822435
1411,5,10057,0 days 02:21:11.629321,0.9805054229650185
1412,5,10063,0 days 02:21:20.334658,0.9784755994665784
1413,6,10070,0 days 02:21:29.025452,0.9761127824302093
1414,5,10076,0 days 02:21:37.565527,0.9740920524918545
1415,5,10082,0 days 02:21:45.960130,0.972075505829815
1416,4,10087,0 days 02:21:54.552953,0.9703982395880104
1417,10,10098,0 days 02:22:03.855162,0.9667184338344493
1418,4,10103,0 days 02:22:12.233960,0.965050410944585
1419,10,10114,0 days 02:22:21.551019,0.9613908844638094
1420,2,10117,0 days 02:22:33.942667,0.9603952424331529
1421,6,10124,0 days 02:22:42.381645,0.9580760857350136
1422,3,10128,0 days 02:22:51.068689,0.9567533686182348
1423,14,10143,0 days 02:22:59.988408,0.9518094229146118
1424,3,10147,0 days 02:23:08.577823,0.9504953575346846
1425,20,10168,0 days 02:23:23.648453,0.9436262202767187
1426,4,10173,0 days 02:23:32.055925,0.9419980418125359
1427,6,10180,0 days 02:23:40.719115,0.939723310564629
1428,5,10186,0 days 02:23:49.470503,0.9377779134121607
1429,12,10199,0 days 02:23:58.696293,0.9335766910847549
1430,6,10206,0 days 02:24:07.502182,0.9313222956643127
1431,11,10218,0 days 02:24:17.719752,0.9274702759188589
1432,2,10221,0 days 02:24:26.200785,0.9265097629747359
1433,6,10228,0 days 02:24:34.845350,0.9242724327301061
1434,2,10231,0 days 02:24:43.199117,0.9233152315576437
1435,8,10240,0 days 02:24:52.846479,0.9204495717531599
1436,3,10244,0 days 02:25:01.304057,0.9191788016944796
1437,6,10251,0 days 02:25:10.082875,0.9169591742113855
1438,12,10264,0 days 02:25:20.591026,0.9128512193311097
1439,2,10267,0 days 02:25:29.023203,0.9119058462717333
1440,6,10274,0 days 02:25:41.678024,0.9097037814779764
1441,4,10279,0 days 02:25:50.242656,0.9081341344355768
1442,3,10283,0 days 02:25:58.804479,0.9068803670346011
1443,9,10293,0 days 02:26:08.919898,0.9037535162017135
1444,3,10297,0 days 02:26:17.381329,0.9025057966698019
1445,6,10304,0 days 02:26:26.042038,0.9003264310597083
1446,12,10317,0 days 02:26:35.317958,0.8962929904656995
1447,4,10322,0 days 02:26:43.958680,0.8947464830527894
1448,8,10331,0 days 02:26:52.606500,0.8919694910309399
1449,3,10335,0 days 02:27:01.088766,0.8907380404906355
1450,2,10338,0 days 02:27:09.517341,0.8898155684288042
1451,17,10356,0 days 02:27:22.622572,0.8843007635354995
1452,2,10359,0 days 02:27:31.006037,0.883384958089301
1453,12,10372,0 days 02:27:40.635485,0.8794274148836656
1454,5,10378,0 days 02:27:49.410434,0.8776068411366023
1455,15,10394,0 days 02:28:00.257857,0.8727703824423972
1456,4,10399,0 days 02:28:08.854402,0.8712644620786619
1457,6,10406,0 days 02:28:17.670165,0.869160537856837
1458,10,10417,0 days 02:28:28.105175,0.8658646312717924
1459,10,10428,0 days 02:28:37.486598,0.8625812229534594
1460,4,10433,0 days 02:28:50.410399,0.8610928834598732
1461,6,10440,0 days 02:28:59.332631,0.8590135215053756
1462,14,10455,0 days 02:29:09.294619,0.8545746385619748
1463,5,10461,0 days 02:29:17.821516,0.8528055145552164
1464,7,10469,0 days 02:29:26.652311,0.8504523783121618
1465,2,10472,0 days 02:29:35.092122,0.8495716271560992
1466,7,10480,0 days 02:29:43.613887,0.8472274141405742
1467,6,10487,0 days 02:29:52.368307,0.8451815344386158
1468,4,10492,0 days 02:30:00.847584,0.8437232172118071
1469,5,10498,0 days 02:30:09.458176,0.8419765576091532
1470,18,10517,0 days 02:30:23.648002,0.8364692881263005
1471,18,10536,0 days 02:30:37.754154,0.8309980410444076
1472,3,10540,0 days 02:30:46.029642,0.8298507675143978
1473,14,10555,0 days 02:30:56.705261,0.8255625807451928
1474,5,10561,0 days 02:31:05.342460,0.823853516943422
1475,8,10570,0 days 02:31:14.603807,0.8212965528345286
1476,5,10576,0 days 02:31:23.276082,0.8195963204818201
1477,7,10584,0 days 02:31:31.822421,0.8173348179780451
1478,3,10588,0 days 02:31:40.393187,0.8162064078549082
1479,17,10606,0 days 02:31:53.508519,0.8111478100379099
1480,4,10611,0 days 02:32:06.192293,0.8097482162504616
1481,3,10615,0 days 02:32:14.947426,0.8086302801680743
1482,17,10633,0 days 02:32:28.659370,0.8036186368745998
1483,9,10643,0 days 02:32:39.342231,0.8008478242124492
1484,4,10648,0 days 02:32:48.050301,0.799466002520288
1485,13,10662,0 days 02:32:57.557810,0.795609572929993
1486,4,10667,0 days 02:33:06.146966,0.7942367895707488
1487,9,10677,0 days 02:33:15.658800,0.7914983247662897
1488,5,10683,0 days 02:33:24.249948,0.7898597801331266
1489,12,10696,0 days 02:33:34.448732,0.7863212274583883
1490,14,10711,0 days 02:33:44.557818,0.7822579760691876
1491,12,10724,0 days 02:33:54.098276,0.7787534792924451
1492,4,10729,0 days 02:34:02.831241,0.7774097802550025
1493,12,10742,0 days 02:34:14.174939,0.773927003278024
1494,12,10755,0 days 02:34:22.893701,0.7704598290575061
1495,19,10775,0 days 02:34:35.456798,0.765156020900658
1496,13,10789,0 days 02:34:45.060256,0.7614650943185501
1497,4,10794,0 days 02:34:53.697063,0.7601512254993551
1498,5,10800,0 days 02:35:02.233654,0.758577575029151
1499,10,10811,0 days 02:35:11.565501,0.7557010053784273
1500,4,10816,0 days 02:35:24.442728,0.7543970821979571
1501,5,10822,0 days 02:35:33.093081,0.7528353438447213
1502,3,10826,0 days 02:35:41.216374,0.7517959815119735
1503,12,10839,0 days 02:35:51.005776,0.7484279537326781
1504,5,10845,0 days 02:35:59.657477,0.7468785725545689
1505,18,10864,0 days 02:36:14.098684,0.7419933277899091
1506,5,10870,0 days 02:36:22.980182,0.7404572674508656
1507,3,10874,0 days 02:36:31.430163,0.7394349942551526
1508,3,10878,0 days 02:36:39.886982,0.7384141324069038
1509,2,10881,0 days 02:36:48.428637,0.7376494110452433
1510,3,10885,0 days 02:36:56.695911,0.7366310143680913
1511,15,10901,0 days 02:37:05.250764,0.7325714682172803
1512,3,10905,0 days 02:37:14.055450,0.7315600821335421
1513,5,10911,0 days 02:37:22.766859,0.7300456204993117
1514,8,10920,0 days 02:37:32.222402,0.7277798045367883
1515,15,10936,0 days 02:37:42.938273,0.7237690370744926
1516,8,10945,0 days 02:37:52.268667,0.7215227015149943
1517,3,10949,0 days 02:38:00.949086,0.7205265693271148
1518,11,10961,0 days 02:38:11.701039,0.7175464167149707
1519,15,10977,0 days 02:38:23.549045,0.7135920450727418
1520,3,10981,0 days 02:38:36.598527,0.7126068619265715
1521,5,10987,0 days 02:38:45.462963,0.7111316368848638
1522,2,10990,0 days 02:38:54.119138,0.710395170002918
1523,3,10994,0 days 02:39:02.693319,0.7094144004533693
1524,27,11022,0 days 02:39:21.589467,0.7025868224350602
1525,15,11038,0 days 02:39:30.663539,0.6987148925610873
1526,14,11053,0 days 02:39:40.470760,0.6951043398267668
1527,12,11066,0 days 02:39:48.974531,0.691990289228442
1528,5,11072,0 days 02:39:57.541153,0.6905577442196436
1529,8,11081,0 days 02:40:07.019197,0.6884144853383329
1530,3,11085,0 days 02:40:15.430637,0.6874640622594634
1531,20,11106,0 days 02:40:29.526130,0.6824958265220188
1532,16,11123,0 days 02:40:43.091748,0.6785002312276187
1533,12,11136,0 days 02:40:52.540807,0.6754605666334597
1534,24,11161,0 days 02:41:10.735375,0.669653279420709
1535,4,11166,0 days 02:41:19.513211,0.6684978271615482
1536,4,11171,0 days 02:41:28.110872,0.6673443685757765
1537,11,11183,0 days 02:41:36.450983,0.6645841815849374
1538,6,11190,0 days 02:41:45.345361,0.6629793476706258
1539,12,11203,0 days 02:41:53.741450,0.6600092162586927
1540,23,11227,0 days 02:42:12.458595,0.6545608106307966
1541,14,11242,0 days 02:42:21.899206,0.651178420546138
1542,18,11261,0 days 02:42:33.866676,0.646919139202784
1543,11,11273,0 days 02:42:42.268999,0.6442434325118542
1544,6,11280,0 days 02:42:50.814513,0.6426877173169759
1545,3,11284,0 days 02:42:59.177236,0.6418004244838744
1546,10,11295,0 days 02:43:08.742889,0.6393666804823843
1547,14,11310,0 days 02:43:18.286653,0.636062804837216
1548,3,11314,0 days 02:43:26.813172,0.6351846583394261
1549,11,11326,0 days 02:43:35.067224,0.6325574863525388
1550,4,11331,0 days 02:43:43.875931,0.6314660409745854
1551,21,11353,0 days 02:43:58.628884,0.6266860104124464
1552,12,11366,0 days 02:44:08.100442,0.6238784722719525
1553,5,11372,0 days 02:44:16.840786,0.6225869310386984
1554,4,11377,0 days 02:44:25.198741,0.621512689340644
1555,9,11387,0 days 02:44:34.914060,0.6193697633925727
1556,16,11404,0 days 02:44:48.808711,0.6157437325570196
1557,2,11407,0 days 02:44:57.168476,0.6151060519318398
1558,16,11424,0 days 02:45:08.389343,0.611504982516983
1559,10,11435,0 days 02:45:16.725433,0.6091861205681478
1560,13,11449,0 days 02:45:32.582424,0.6062475548580989
1561,17,11467,0 days 02:45:46.051672,0.6024902178315181
1562,6,11474,0 days 02:45:55.369266,0.6010353280501949
1563,5,11480,0 days 02:46:03.808229,0.5997910762554626
1564,14,11495,0 days 02:46:13.447443,0.5966917043464747
1565,9,11505,0 days 02:46:22.693937,0.5946343591656391
1566,13,11519,0 days 02:46:31.349862,0.5917659876140494
1567,20,11540,0 days 02:46:46.275964,0.5874893525297287
1568,11,11552,0 days 02:46:54.800279,0.5850594519499576
1569,13,11566,0 days 02:47:03.141683,0.5822372674224495
1570,20,11587,0 days 02:47:15.946634,0.5780294954697265
1571,15,11603,0 days 02:47:26.891057,0.5748439963967582
1572,13,11617,0 days 02:47:36.556342,0.5720710887427499
1573,10,11628,0 days 02:47:46.276244,0.5699017623796938
1574,3,11632,0 days 02:47:54.859033,0.5691149576287917
1575,10,11643,0 days 02:48:04.409532,0.5669568410843829
1576,12,11656,0 days 02:48:13.367440,0.5644168881750927
1577,15,11672,0 days 02:48:24.735130,0.5613064076751517
1578,22,11695,0 days 02:48:39.424304,0.5568650993312281
1579,4,11700,0 days 02:48:47.860936,0.5559042572703533
1580,11,11712,0 days 02:49:02.586824,0.5536049950433497
1581,10,11723,0 days 02:49:11.175179,0.5515056931661889
1582,11,11735,0 days 02:49:19.593835,0.5492246237343753
1583,14,11750,0 days 02:49:29.161500,0.5463865498818032
1584,25,11776,0 days 02:49:46.512556,0.541501918953438
1585,16,11793,0 days 02:50:00.329071,0.5383317566825495
1586,3,11797,0 days 02:50:09.142699,0.5375885373916481
1587,15,11813,0 days 02:50:18.874351,0.5346259069360726
1588,11,11825,0 days 02:50:27.261921,0.5324146535820661
1589,39,11865,0 days 02:50:47.852502,0.5251096506774383
1590,16,11882,0 days 02:51:00.191662,0.5220354551032577
1591,16,11899,0 days 02:51:13.139175,0.5189792570623847
1592,12,11912,0 days 02:51:23.174227,0.5166542425668976
1593,13,11926,0 days 02:51:32.507549,0.5141620281353828
1594,17,11944,0 days 02:51:45.326721,0.5109754090546228
1595,13,11958,0 days 02:51:55.128894,0.5085105879350516
1596,12,11971,0 days 02:52:03.839428,0.5062324728235731
1597,11,11983,0 days 02:52:12.362892,0.5041386568694353
1598,5,11989,0 days 02:52:21.045594,0.5030949987027203
1599,3,11993,0 days 02:52:29.566711,0.5024004271795836
1600,13,12007,0 days 02:52:44.488414,0.49997696968740196
1601,9,12017,0 days 02:52:54.615752,0.49825308916145816
1602,23,12041,0 days 02:53:09.889641,0.494139987604343
1603,9,12051,0 days 02:53:19.325048,0.49243623252487645
1604,13,12065,0 days 02:53:28.998171,0.49006083988471955
1605,13,12079,0 days 02:53:39.217800,0.4876969055610355
1606,5,12085,0 days 02:53:47.630456,0.48668728479215617
1607,20,12106,0 days 02:53:58.932562,0.48317004324600576
1608,10,12117,0 days 02:54:08.607250,0.4813378347438141
1609,12,12130,0 days 02:54:18.193453,0.47918145290816944
1610,21,12152,0 days 02:54:30.199399,0.47555417631515395
1611,10,12163,0 days 02:54:38.757323,0.47375084761695124
1612,24,12188,0 days 02:54:54.868064,0.46967776419017476
1613,3,12192,0 days 02:55:03.270646,0.469029328405883
1614,18,12211,0 days 02:55:17.307511,0.465961462818001
1615,29,12241,0 days 02:55:36.173441,0.4611582686275203
1616,12,12254,0 days 02:55:44.463550,0.4590922907590757
1617,11,12266,0 days 02:55:52.657182,0.45719345017808416
1618,5,12272,0 days 02:56:01.316808,0.4562469770767951
1619,14,12287,0 days 02:56:12.062845,0.4538893576984933
1620,11,12299,0 days 02:56:25.817080,0.4520120368437844
1621,5,12305,0 days 02:56:34.514063,0.45107629020488377
1622,37,12343,0 days 02:56:54.995436,0.44519471490540014
1623,9,12353,0 days 02:57:04.510471,0.44365971920398145
1624,11,12365,0 days 02:57:12.890319,0.4418247089109903
1625,9,12375,0 days 02:57:21.486191,0.4403013327201856
1626,29,12405,0 days 02:57:37.514763,0.4357626466438898
1627,12,12418,0 days 02:57:46.081458,0.4338104405465331
1628,20,12439,0 days 02:57:58.606822,0.4306753347972721
1629,12,12452,0 days 02:58:08.625628,0.42874591973371
1630,18,12471,0 days 02:58:22.275520,0.42594154317677607
1631,24,12496,0 days 02:58:39.547730,0.42227950130599995
1632,10,12507,0 days 02:58:48.625067,0.42067819322945554
1633,10,12518,0 days 02:58:58.349173,0.4190829574049341
1634,33,12552,0 days 02:59:17.968201,0.41419037262204433
1635,14,12567,0 days 02:59:26.757624,0.41205007734807614
1636,12,12580,0 days 02:59:36.532932,0.41020410298655036
1637,9,12590,0 days 02:59:44.490244,0.4087897521110633
1638,18,12609,0 days 02:59:58.050937,0.4061159064958161
1639,10,12620,0 days 03:00:07.548151,0.40457589169738606
1640,13,12634,0 days 03:00:24.005040,0.4026243159764133
1641,8,12643,0 days 03:00:33.289248,0.4013747055734148
1642,11,12655,0 days 03:00:41.914452,0.39971458930819465
1643,17,12673,0 days 03:00:55.813529,0.3972372804688647
1644,28,12702,0 days 03:01:14.337421,0.39327831456828505
1645,12,12715,0 days 03:01:23.673837,0.3915164372491265
1646,11,12727,0 days 03:01:32.334206,0.38989709553039587
1647,14,12742,0 days 03:01:43.319538,0.3878823338023169
1648,11,12754,0 days 03:01:51.874178,0.3862780230114392
1649,10,12765,0 days 03:02:00.492148,0.38481323460440825
1650,17,12783,0 days 03:02:15.040656,0.3824282798064695
1651,3,12787,0 days 03:02:23.628882,0.3819003004119601
1652,2,12790,0 days 03:02:32.108189,0.3815047942793816
1653,10,12801,0 days 03:02:42.220817,0.3800581062293327
1654,21,12823,0 days 03:02:57.702936,0.3771811670983524
1655,14,12838,0 days 03:03:08.109786,0.3752321139026928
1656,14,12853,0 days 03:03:17.845801,0.3732931322818913
1657,20,12874,0 days 03:03:30.481153,0.3705953792178983
1658,19,12894,0 days 03:03:41.328514,0.36804421857193637
1659,12,12907,0 days 03:03:51.033700,0.36639538939135685
1660,14,12922,0 days 03:04:06.411332,0.3645020708302477
1661,8,12931,0 days 03:04:15.781857,0.36337077904892706
1662,15,12947,0 days 03:04:26.506341,0.36136825618655394
1663,2,12950,0 days 03:04:35.292201,0.36099401358636013
1664,13,12964,0 days 03:04:45.811244,0.35925266624760505
1665,23,12988,0 days 03:05:02.597432,0.35628701940449653
1666,26,13015,0 days 03:05:20.131448,0.3529799197221209
1667,11,13027,0 days 03:05:28.540794,0.351519967966592
1668,29,13057,0 days 03:05:45.387515,0.34789645228406335
1669,13,13071,0 days 03:05:54.050266,0.3462182843961012
1670,22,13094,0 days 03:06:06.313186,0.34347884986572425
1671,13,13108,0 days 03:06:16.230317,0.34182199141760156
1672,29,13138,0 days 03:06:34.261517,0.33829844379753415
1673,13,13152,0 days 03:06:44.035486,0.33666657436856684
1674,24,13177,0 days 03:07:01.665666,0.3337720760234813
1675,10,13188,0 days 03:07:10.203728,0.33250639317738434
1676,18,13207,0 days 03:07:24.452356,0.33033150802713857
1677,33,13241,0 days 03:07:45.280897,0.32647505220872397
1678,18,13260,0 days 03:07:57.596266,0.32433961734929345
1679,11,13272,0 days 03:08:05.885077,0.3229981240595068
1680,11,13284,0 days 03:08:22.302343,0.3216621792878483
1681,25,13310,0 days 03:08:40.039726,0.31878655756953433
1682,12,13323,0 days 03:08:50.894438,0.3173584015166105
1683,18,13342,0 days 03:09:04.410839,0.31528259759546307
1684,9,13352,0 days 03:09:13.498781,0.3141955284640517
1685,27,13380,0 days 03:09:29.977864,0.3111716337105463
1686,30,13411,0 days 03:09:46.614545,0.30785768550786907
1687,39,13451,0 days 03:10:07.297539,0.30363371971031544
1688,4,13456,0 days 03:10:15.962677,0.30310981535834963
1689,17,13474,0 days 03:10:30.404804,0.3012312333777055
1690,3,13478,0 days 03:10:38.980977,0.30081535439436635
1691,55,13534,0 days 03:11:13.757852,0.2950529763857724
1692,44,13579,0 days 03:11:38.794853,0.29050258415892927
1693,24,13604,0 days 03:11:56.828001,0.288004981744231
1694,21,13626,0 days 03:12:12.911100,0.2858248603672191
1695,23,13650,0 days 03:12:26.793851,0.2834653633489123
1696,13,13664,0 days 03:12:37.214498,0.2820979953662884
1697,12,13677,0 days 03:12:47.042507,0.28083420318298036
1698,31,13709,0 days 03:13:03.885684,0.2777473985987289
1699,5,13715,0 days 03:13:12.935045,0.2771724112676018
1700,18,13734,0 days 03:13:31.693969,0.2753594591749719
1701,11,13746,0 days 03:13:40.130333,0.27422055153926145
1702,11,13758,0 days 03:13:48.399863,0.27308635451202834
1703,12,13771,0 days 03:13:58.196631,0.271862934261373
1704,4,13776,0 days 03:14:06.931144,0.27139384876410466
1705,38,13815,0 days 03:14:30.822233,0.26776265153679135
1706,18,13834,0 days 03:14:44.462423,0.2660112475741399
1707,27,13862,0 days 03:15:02.019735,0.26345109014654955
1708,10,13873,0 days 03:15:11.540386,0.2624520685101184
1709,9,13883,0 days 03:15:20.020476,0.2615471548094311
1710,20,13904,0 days 03:15:31.859336,0.25965697902732493
1711,52,13957,0 days 03:16:02.259218,0.2549470552257375
1712,16,13974,0 days 03:16:16.765594,0.2534544962757843
1713,29,14004,0 days 03:16:36.091700,0.2508418528251852
1714,10,14015,0 days 03:16:45.603212,0.24989064613951356
1715,11,14027,0 days 03:16:55.194166,0.24885707944878271
1716,13,14041,0 days 03:17:03.991953,0.2476566534120091
1717,46,14088,0 days 03:17:30.347021,0.2436688423459056
1718,10,14099,0 days 03:17:39.108733,0.2427448361271714
1719,33,14133,0 days 03:18:00.010918,0.2399109110763531
1720,25,14159,0 days 03:18:24.348763,0.23776613599623947
1721,26,14186,0 days 03:18:43.238085,0.23555916164688737
1722,46,14233,0 days 03:19:11.358555,0.2317661465245568
1723,17,14251,0 days 03:19:23.615222,0.23032973079493213
1724,76,14328,0 days 03:20:05.715251,0.22428488158687718
1725,25,14354,0 days 03:20:20.860034,0.222279801356405
1726,18,14373,0 days 03:20:32.351340,0.2208258953591398
1727,8,14382,0 days 03:20:40.930028,0.22014052608276355
1728,4,14387,0 days 03:20:49.718180,0.2197606849380816
1729,17,14405,0 days 03:21:01.997072,0.218398675389527
1730,32,14438,0 days 03:21:23.638429,0.21592354411103667
1731,30,14469,0 days 03:21:39.738496,0.2136239789726922
1732,8,14478,0 days 03:21:48.826264,0.2129609620215008
1733,29,14508,0 days 03:22:06.902740,0.21076573143441604
1734,19,14528,0 days 03:22:18.748116,0.20931483034469484
1735,59,14588,0 days 03:22:52.071400,0.20502178012014877
1736,22,14611,0 days 03:23:04.657686,0.20339955573381924
1737,11,14623,0 days 03:23:13.356812,0.2025582797238379
1738,45,14669,0 days 03:23:39.215924,0.1993654971296289
1739,30,14700,0 days 03:23:57.747725,0.19724227361143645
1740,45,14746,0 days 03:24:31.832604,0.19413328345370318
1741,10,14757,0 days 03:24:40.872842,0.19339711891396333
1742,41,14799,0 days 03:25:04.621136,0.19061189544463053
1743,37,14837,0 days 03:25:26.050218,0.1881265105100207
1744,66,14904,0 days 03:26:06.714447,0.18382306368830556
1745,51,14956,0 days 03:26:35.311577,0.18055104234102284
1746,59,15016,0 days 03:27:11.778303,0.17684793782813324
1747,40,15057,0 days 03:27:36.857788,0.17436126050897374
1748,20,15078,0 days 03:27:50.668274,0.17310116868273417
1749,80,15159,0 days 03:28:35.168177,0.16832553364783462
1750,20,15180,0 days 03:28:47.681922,0.1671090614310251
1751,12,15193,0 days 03:28:56.133763,0.16636041688528047
1752,10,15204,0 days 03:29:04.600868,0.16572956864767527
1753,11,15216,0 days 03:29:13.150099,0.16504409856518254
1754,14,15231,0 days 03:29:21.868561,0.16419124652538453
1755,32,15264,0 days 03:29:39.710452,0.162330452776501
1756,34,15299,0 days 03:30:05.669837,0.16037992276688987
1757,15,15315,0 days 03:30:15.949846,0.15949607497140408
1758,12,15328,0 days 03:30:24.978187,0.15878153642051704
1759,18,15347,0 days 03:30:36.636134,0.1577429650944314
1760,18,15366,0 days 03:30:56.050375,0.15671118694105138
1761,10,15377,0 days 03:31:04.562950,0.15611692913654643
1762,37,15415,0 days 03:31:26.757784,0.1540813234215494
1763,32,15448,0 days 03:31:47.924321,0.15233510631491326
1764,55,15504,0 days 03:32:16.952452,0.14941699574062695
1765,45,15550,0 days 03:32:43.155484,0.14706184154041316
1766,53,15604,0 days 03:33:12.006136,0.14434442007124904
1767,63,15668,0 days 03:33:45.025374,0.14118871968032373
1768,18,15687,0 days 03:33:57.691481,0.14026522089619314
1769,21,15709,0 days 03:34:10.495119,0.13920345035085357
1770,20,15730,0 days 03:34:23.202967,0.13819744059008784
1771,12,15743,0 days 03:34:31.795656,0.1375783194051104
1772,31,15775,0 days 03:34:49.070445,0.1360661197434595
1773,104,15880,0 days 03:35:51.446399,0.1312199899018796
1774,23,15904,0 days 03:36:05.101771,0.13013676301070592
1775,25,15930,0 days 03:36:21.303448,0.1289733557898347
1776,15,15946,0 days 03:36:32.549783,0.12826258841805502
1777,57,16004,0 days 03:37:05.357337,0.12571873429538077
1778,11,16016,0 days 03:37:14.174660,0.12519875206244838
1779,10,16027,0 days 03:37:24.516906,0.12472399121748469
1780,16,16044,0 days 03:37:46.007494,0.1239938085950547
1781,17,16062,0 days 03:37:58.465557,0.12322533287194848
1782,25,16088,0 days 03:38:16.854982,0.12212371301649155
1783,48,16137,0 days 03:38:43.068970,0.1200742824429804
1784,33,16171,0 days 03:39:03.927347,0.11867247500434172
1785,95,16267,0 days 03:39:53.813806,0.11480214430347864
1786,39,16307,0 days 03:40:15.452570,0.1132269998329947
1787,71,16379,0 days 03:40:54.172258,0.11044600210092995
1788,12,16392,0 days 03:41:02.931886,0.10995120668789786
1789,37,16430,0 days 03:41:25.076708,0.10851755496324123
1790,59,16490,0 days 03:42:02.943803,0.10629185832753252
1791,119,16610,0 days 03:43:09.588000,0.10197647600443617
1792,20,16631,0 days 03:43:22.318152,0.10123950195695107
1793,103,16735,0 days 03:44:14.916362,0.09766748398729586
1794,31,16767,0 days 03:44:32.801573,0.09659396646739517
1795,38,16806,0 days 03:44:54.607072,0.09530155787077851
1796,12,16819,0 days 03:45:03.204426,0.09487460920091013
1797,25,16845,0 days 03:45:19.418925,0.09402644145132044
1798,11,16857,0 days 03:45:28.024374,0.09363754094850697
1799,58,16916,0 days 03:46:00.221619,0.09174871702973293
1800,15,16932,0 days 03:46:18.277665,0.09124309325908653
1801,25,16958,0 days 03:46:34.718464,0.09042739083114529
1802,46,17005,0 days 03:46:59.945607,0.08897131305222372
1803,11,17017,0 days 03:47:08.914003,0.08860332094438779
1804,48,17066,0 days 03:47:35.362419,0.08711641598242084
1805,25,17092,0 days 03:47:53.863280,0.08633760555971169
1806,19,17112,0 days 03:48:05.586332,0.085743261663586
1807,26,17139,0 days 03:48:22.177160,0.08494738222378086
1808,17,17157,0 days 03:48:34.614344,0.08442090431556856
1809,36,17194,0 days 03:48:57.983730,0.0833489244531286
1810,77,17272,0 days 03:49:38.187148,0.08113346052279544
1811,28,17301,0 days 03:49:57.109552,0.080324864201658
1812,57,17359,0 days 03:50:30.552859,0.07873176726300404
1813,92,17452,0 days 03:51:22.095884,0.07624300412004595
1814,27,17480,0 days 03:51:39.018697,0.07550922276651387
1815,19,17500,0 days 03:51:51.789203,0.07498942093321621
1816,47,17548,0 days 03:52:18.357015,0.07375644909065908
1817,49,17598,0 days 03:52:48.894934,0.0724936555587111
1818,71,17670,0 days 03:53:26.668774,0.07071312006810183
1819,29,17700,0 days 03:53:42.245353,0.06998419960019922
1820,18,17719,0 days 03:54:03.620956,0.06952644119438982
1821,75,17795,0 days 03:54:46.153162,0.06772515380549746
1822,38,17834,0 days 03:55:06.479674,0.066819004341028
1823,104,17939,0 days 03:56:05.668849,0.06443917921239035
1824,82,18022,0 days 03:56:50.252952,0.06261811646154275
1825,67,18090,0 days 03:57:25.863415,0.06116458029544045
1826,42,18133,0 days 03:57:53.822424,0.06026289623036698
1827,87,18221,0 days 03:58:44.787693,0.058458813968126966
1828,96,18318,0 days 03:59:46.179045,0.05653273542658269
1829,46,18365,0 days 04:00:12.631603,0.055622435360643485
1830,72,18438,0 days 04:00:54.589612,0.05423754206958626
1831,98,18537,0 days 04:01:47.405430,0.05241432533123209
1832,10,18548,0 days 04:01:55.899085,0.052215567204872776
1833,128,18677,0 days 04:03:05.707537,0.04994016811548529
1834,93,18771,0 days 04:03:55.085672,0.04834482583496403
1835,97,18869,0 days 04:04:49.022497,0.04673583431517567
1836,125,18995,0 days 04:06:03.876812,0.044745565384596085
1837,18,19014,0 days 04:06:15.595523,0.04445288991221083
1838,9,19024,0 days 04:06:24.255096,0.04429961991001554
1839,90,19115,0 days 04:07:20.279276,0.04292892368751872
1840,141,19257,0 days 04:08:51.433590,0.04087426911605519
1841,27,19285,0 days 04:09:07.942444,0.04048088513462928
1842,56,19342,0 days 04:09:40.954773,0.039691727400927995
1843,77,19420,0 days 04:10:21.721709,0.03863669770538797
1844,96,19517,0 days 04:11:18.484822,0.037363710634404045
1845,18,19536,0 days 04:11:31.388547,0.03711931900439563
1846,137,19674,0 days 04:12:43.950012,0.035391583956677186
1847,89,19764,0 days 04:13:38.044765,0.034308363277477605
1848,34,19799,0 days 04:13:59.021355,0.03389612089775916
1849,21,19821,0 days 04:14:10.813119,0.033639536246620694
1850,60,19882,0 days 04:14:43.671678,0.032938210447632454
1851,177,20060,0 days 04:16:20.577046,0.030974192992149617
1852,22,20083,0 days 04:16:34.857263,0.030729111268689335
1853,61,20145,0 days 04:17:10.929394,0.030078072374026342
1854,101,20247,0 days 04:18:03.218020,0.02903688335744514
1855,16,20264,0 days 04:18:15.466137,0.02886689017946736
1856,202,20467,0 days 04:20:03.917790,0.026912249473667334
1857,94,20562,0 days 04:20:59.974545,0.026043539045502623
1858,165,20728,0 days 04:22:40.516327,0.02459234823844863
1859,84,20813,0 days 04:23:27.853365,0.023880862056706063
1860,110,20924,0 days 04:24:44.266478,0.02298264453385205
1861,99,21024,0 days 04:25:38.126231,0.02220240395343808
1862,131,21156,0 days 04:26:48.255909,0.021212897818818407
1863,172,21329,0 days 04:28:24.895618,0.01998250820649635
1864,172,21502,0 days 04:30:02.181949,0.018823483601022498
1865,205,21708,0 days 04:31:55.463503,0.017530729959703818
1866,174,21883,0 days 04:33:31.205143,0.01650250982548411
1867,93,21977,0 days 04:34:27.112121,0.015975335956176527
1868,115,22093,0 days 04:35:40.365446,0.01534793672278607
1869,45,22139,0 days 04:36:09.775602,0.01510601807452177
1870,205,22345,0 days 04:38:01.815061,0.014068571431510203
1871,174,22520,0 days 04:39:40.570825,0.013243415351938058
1872,191,22712,0 days 04:41:26.140888,0.012393672048198651
1873,30,22743,0 days 04:41:43.472004,0.01226168062366249
1874,244,22988,0 days 04:43:57.596866,0.011266784820702362
1875,55,23044,0 days 04:44:26.930410,0.011050959823307902
1876,106,23151,0 days 04:45:36.044655,0.01065000961835286
1877,180,23332,0 days 04:47:16.806053,0.010004606230721497
1878,30,23363,0 days 04:47:36.759384,0.009898058129143465
1879,95,23459,0 days 04:48:36.443728,0.009575247315138358
1880,144,23604,0 days 04:50:21.765095,0.009107517197865138
1881,151,23756,0 days 04:51:48.418097,0.00864171620645932
1882,85,23842,0 days 04:52:39.725090,0.008388803083402575
1883,183,24026,0 days 04:54:23.202969,0.007872270345505947
1884,140,24167,0 days 04:55:44.416233,0.007498078795401546
1885,219,24387,0 days 04:57:47.529322,0.006949443045626383
1886,222,24610,0 days 04:59:55.633406,0.006434280649918074
1887,219,24830,0 days 05:01:57.122863,0.005963483198336666
1888,91,24922,0 days 05:02:52.351464,0.005776968506964797
1889,124,25047,0 days 05:04:08.408222,0.005532864060967859
1890,237,25285,0 days 05:06:22.750782,0.005096241498788965
1891,134,25420,0 days 05:07:42.762243,0.004864072056910715
1892,115,25536,0 days 05:08:50.071710,0.004673045396311322
1893,158,25695,0 days 05:10:26.120928,0.004423336713310143
1894,113,25809,0 days 05:11:31.595834,0.00425255559509048
1895,145,25955,0 days 05:12:54.367979,0.004043430661118247
1896,123,26079,0 days 05:14:16.666791,0.003873914220745109
1897,121,26201,0 days 05:15:24.040217,0.0037140692753302403
1898,246,26448,0 days 05:17:42.901740,0.0034103582265305747
1899,218,26667,0 days 05:19:47.044376,0.0031619136104524136
1900,110,26778,0 days 05:21:12.223051,0.0030429863203104094
1901,176,26955,0 days 05:22:53.223841,0.0028625296909880796
1902,57,27013,0 days 05:23:28.185572,0.0028057566440263014
1903,35,27049,0 days 05:23:53.443836,0.0027710859730830798
1904,79,27129,0 days 05:24:42.446016,0.002695566187163845
1905,171,27301,0 days 05:26:20.768538,0.002540095236208301
1906,143,27445,0 days 05:27:45.227746,0.0024168516857510478
1907,17,27463,0 days 05:28:00.022482,0.002401872777788686
1908,149,27613,0 days 05:29:33.181899,0.002280604621194678
1909,131,27745,0 days 05:30:49.213239,0.0021789637237474143
1910,167,27913,0 days 05:32:26.877781,0.002056127302759856
1911,178,28092,0 days 05:34:13.036196,0.0019328582261979163
1912,98,28191,0 days 05:35:09.873829,0.0018678844214051328
1913,187,28379,0 days 05:36:59.221991,0.0017504511686420093
1914,117,28497,0 days 05:38:08.161160,0.001680544434740917
1915,49,28547,0 days 05:38:39.423755,0.0016517716200446252
1916,125,28673,0 days 05:39:50.690399,0.001581430097656945
1917,197,28871,0 days 05:41:42.750775,0.0014768962915788074
1918,39,28911,0 days 05:42:08.795957,0.0014566325147889856
1919,195,29107,0 days 05:43:58.497754,0.0013612879493755119
1920,158,29266,0 days 05:45:53.461804,0.00128854621626668
1921,101,29368,0 days 05:46:58.117276,0.0012439416235570536
1922,189,29558,0 days 05:48:50.960674,0.0011649304569892676
1923,80,29639,0 days 05:49:48.025773,0.0011327915480150825
1924,169,29809,0 days 05:51:26.922428,0.0010681936698545699
1925,164,29974,0 days 05:53:02.897726,0.001009020523763305
1926,145,30120,0 days 05:54:26.411621,0.0009999999999989568
1927,107,30228,0 days 05:55:38.614346,0.0009999999999989568
1928,101,30330,0 days 05:56:36.937426,0.0009999999999989568
1929,101,30432,0 days 05:57:36.344362,0.0009999999999989568
1930,130,30563,0 days 05:58:52.329734,0.0009999999999989568
1931,209,30773,0 days 06:00:58.665434,0.0009999999999989568
1932,156,30930,0 days 06:02:33.977151,0.0009999999999989568
1933,127,31058,0 days 06:03:47.386282,0.0009999999999989568
1934,219,31278,0 days 06:05:59.186477,0.0009999999999989568
1935,139,31418,0 days 06:07:26.804096,0.0009999999999989568
1936,235,31654,0 days 06:09:44.229852,0.0009999999999989568
1937,138,31793,0 days 06:11:05.819726,0.0009999999999989568
1938,111,31905,0 days 06:12:09.771343,0.0009999999999989568
1939,251,32157,0 days 06:14:39.761355,0.0009999999999989568
1940,148,32306,0 days 06:16:39.941214,0.0009999999999989568
1941,221,32528,0 days 06:18:48.480502,0.0009999999999989568
1942,116,32645,0 days 06:20:01.105996,0.0009999999999989568
1943,41,32687,0 days 06:20:35.398051,0.0009999999999989568
1944,68,32756,0 days 06:21:22.973649,0.0009999999999989568
1945,98,32855,0 days 06:22:22.803785,0.0009999999999989568
1946,38,32894,0 days 06:22:50.281048,0.0009999999999989568
1947,163,33058,0 days 06:24:32.424908,0.0009999999999989568
1948,116,33175,0 days 06:25:40.260844,0.0009999999999989568
1949,108,33284,0 days 06:26:46.287293,0.0009999999999989568
1950,206,33491,0 days 06:28:45.921918,0.0009999999999989568
1951,59,33551,0 days 06:29:28.798184,0.0009999999999989568
1952,194,33746,0 days 06:31:26.246583,0.0009999999999989568
1953,199,33946,0 days 06:33:27.359579,0.0009999999999989568
1954,176,34123,0 days 06:35:15.641298,0.0009999999999989568
1955,198,34322,0 days 06:37:14.043994,0.0009999999999989568
1956,64,34387,0 days 06:37:57.898505,0.0009999999999989568
1957,157,34545,0 days 06:39:40.623294,0.0009999999999989568
1958,118,34664,0 days 06:40:59.327287,0.0009999999999989568
1959,124,34789,0 days 06:42:22.745437,0.0009999999999989568
1960,189,34979,0 days 06:44:49.788055,0.0009999999999989568
1961,34,35014,0 days 06:45:18.506470,0.0009999999999989568
1962,133,35148,0 days 06:46:39.470419,0.0009999999999989568
1963,287,35436,0 days 06:49:33.737365,0.0009999999999989568
1964,178,35615,0 days 06:51:25.392437,0.0009999999999989568
1965,67,35683,0 days 06:52:07.198968,0.0009999999999989568
1966,111,35795,0 days 06:53:21.182208,0.0009999999999989568
1967,164,35960,0 days 06:55:04.066248,0.0009999999999989568
1968,127,36088,0 days 06:56:21.085143,0.0009999999999989568
1969,151,36240,0 days 06:57:53.887273,0.0009999999999989568
1970,206,36447,0 days 06:59:59.790473,0.0009999999999989568
1971,148,36596,0 days 07:01:32.034928,0.0009999999999989568
1972,156,36753,0 days 07:03:06.175323,0.0009999999999989568
1973,235,36989,0 days 07:05:29.666079,0.0009999999999989568
1974,83,37073,0 days 07:06:29.412013,0.0009999999999989568
1975,93,37167,0 days 07:07:26.507970,0.0009999999999989568
1976,125,37293,0 days 07:08:42.133317,0.0009999999999989568
1977,151,37445,0 days 07:10:19.124979,0.0009999999999989568
1978,119,37565,0 days 07:11:32.892882,0.0009999999999989568
1979,206,37772,0 days 07:13:38.103751,0.0009999999999989568
1980,117,37890,0 days 07:15:25.593933,0.0009999999999989568
1981,149,38040,0 days 07:17:00.019049,0.0009999999999989568
1982,146,38187,0 days 07:18:32.556473,0.0009999999999989568
1983,123,38311,0 days 07:19:55.912735,0.0009999999999989568
1984,193,38505,0 days 07:21:55.733885,0.0009999999999989568
1985,145,38651,0 days 07:23:27.322800,0.0009999999999989568
1986,148,38800,0 days 07:24:59.385489,0.0009999999999989568
1987,101,38902,0 days 07:26:05.486984,0.0009999999999989568
1988,170,39073,0 days 07:27:55.051690,0.0009999999999989568
1989,161,39235,0 days 07:29:40.437867,0.0009999999999989568
1990,246,39482,0 days 07:32:13.536505,0.0009999999999989568
1991,122,39605,0 days 07:33:40.564889,0.0009999999999989568
1992,152,39758,0 days 07:35:17.341122,0.0009999999999989568
1993,76,39835,0 days 07:36:11.131198,0.0009999999999989568
1994,161,39997,0 days 07:37:54.142321,0.0009999999999989568
1995,66,40064,0 days 07:38:41.610182,0.0009999999999989568
1996,132,40197,0 days 07:40:05.170808,0.0009999999999989568
1997,167,40365,0 days 07:41:49.841649,0.0009999999999989568
1998,212,40578,0 days 07:44:02.126395,0.0009999999999989568
1999,59,40638,0 days 07:44:42.886708,0.0009999999999989568
2000,59,40698,0 days 07:46:00.398483,0.0009999999999989568
2001,16,40715,0 days 07:46:13.088051,0.0009999999999989568
2002,168,40884,0 days 07:48:04.322905,0.0009999999999989568
2003,200,41085,0 days 07:50:18.122029,0.0009999999999989568
2004,136,41222,0 days 07:51:47.078489,0.0009999999999989568
2005,238,41461,0 days 07:54:14.538502,0.0009999999999989568
2006,215,41677,0 days 07:56:33.742665,0.0009999999999989568
2007,95,41773,0 days 07:57:38.039410,0.0009999999999989568
2008,248,42022,0 days 08:00:18.349801,0.0009999999999989568
2009,139,42162,0 days 08:01:48.862333,0.0009999999999989568
2010,71,42234,0 days 08:02:32.941482,0.0009999999999989568
2011,99,42334,0 days 08:03:39.528403,0.0009999999999989568
2012,137,42472,0 days 08:05:09.327353,0.0009999999999989568
2013,5,42478,0 days 08:05:19.157241,0.0009999999999989568
2014,107,42586,0 days 08:06:33.764543,0.0009999999999989568
2015,127,42714,0 days 08:07:51.298727,0.0009999999999989568
2016,209,42924,0 days 08:10:05.348958,0.0009999999999989568
2017,215,43140,0 days 08:12:24.005563,0.0009999999999989568
2018,293,43434,0 days 08:15:32.860666,0.0009999999999989568
2019,219,43654,0 days 08:17:54.634400,0.0009999999999989568
2020,206,43861,0 days 08:20:54.508347,0.0009999999999989568
2021,180,44042,0 days 08:22:49.122005,0.0009999999999989568
2022,91,44134,0 days 08:23:47.080518,0.0009999999999989568
2023,204,44339,0 days 08:25:57.880334,0.0009999999999989568
2024,145,44485,0 days 08:27:40.043469,0.0009999999999989568
2025,140,44626,0 days 08:29:13.311743,0.0009999999999989568
2026,175,44802,0 days 08:31:05.130596,0.0009999999999989568
2027,185,44988,0 days 08:33:07.222557,0.0009999999999989568
2028,261,45250,0 days 08:35:53.832711,0.0009999999999989568
2029,177,45428,0 days 08:37:52.602946,0.0009999999999989568
2030,117,45546,0 days 08:39:09.479833,0.0009999999999989568
2031,219,45766,0 days 08:41:34.827474,0.0009999999999989568
2032,132,45899,0 days 08:42:59.873744,0.0009999999999989568
2033,150,46050,0 days 08:44:35.404183,0.0009999999999989568
2034,114,46165,0 days 08:45:51.271681,0.0009999999999989568
2035,179,46345,0 days 08:47:47.920142,0.0009999999999989568
2036,61,46407,0 days 08:48:31.597348,0.0009999999999989568
2037,133,46541,0 days 08:50:00.379528,0.0009999999999989568
2038,181,46723,0 days 08:51:58.332101,0.0009999999999989568
2039,68,46792,0 days 08:52:45.577021,0.0009999999999989568
2040,156,46949,0 days 08:55:20.628506,0.0009999999999989568
2041,43,46993,0 days 08:55:50.833172,0.0009999999999989568
2042,141,47135,0 days 08:57:24.753085,0.0009999999999989568
2043,105,47241,0 days 08:58:35.585801,0.0009999999999989568
2044,48,47290,0 days 08:59:12.538871,0.0009999999999989568
2045,176,47467,0 days 09:01:08.618537,0.0009999999999989568
2046,228,47696,0 days 09:03:36.929492,0.0009999999999989568
2047,97,47794,0 days 09:04:43.173183,0.0009999999999989568
2048,92,47887,0 days 09:05:44.820040,0.0009999999999989568
2049,91,47979,0 days 09:06:51.939822,0.0009999999999989568
2050,226,48206,0 days 09:09:19.115025,0.0009999999999989568
2051,200,48407,0 days 09:11:32.874921,0.0009999999999989568
2052,194,48602,0 days 09:13:40.531730,0.0009999999999989568
2053,96,48699,0 days 09:14:48.993455,0.0009999999999989568
2054,170,48870,0 days 09:16:46.080645,0.0009999999999989568
2055,49,48920,0 days 09:17:22.784844,0.0009999999999989568
2056,145,49066,0 days 09:19:03.275699,0.0009999999999989568
2057,127,49194,0 days 09:20:27.706721,0.0009999999999989568
2058,96,49291,0 days 09:21:42.514377,0.0009999999999989568
2059,221,49513,0 days 09:24:06.454750,0.0009999999999989568
2060,154,49668,0 days 09:26:57.876451,0.0009999999999989568
2061,90,49759,0 days 09:28:02.089676,0.0009999999999989568
